1 8 1 15
1 26 1 16
1 114 1 21
1 246 12 21
1 143 13 15
1 5 15 20
1 133 15 40
1 23 16 21
1 53 18 26
1 9 20 24
1 27 21 27
1 117 22 26
1 179 23 26
1 175 26 36
1 274 26 36
1 48 26 66
1 113 26 66
1 191 26 66
1 180 36 40
1 26 38 40
1 144 40 42
1 253 40 44
1 20 40 72
1 253 49 51
1 245 58 64
1 132 65 66
1 118 66 72
1 136 67 72
2 137 1 10
2 117 1 20
2 53 10 22
2 143 11 13
2 245 12 14
2 17 13 21
2 141 13 26
2 258 16 21
2 113 20 112
2 13 21 22
2 8 21 35
2 26 22 36
2 48 22 104
2 191 22 104
2 17 23 33
2 252 27 30
2 143 27 33
2 10 33 36
2 137 33 52
2 253 35 38
2 2 35 68
2 19 36 77
2 17 37 49
2 189 38 45
2 245 41 54
2 186 45 112
2 14 49 50
2 17 50 60
2 143 53 54
2 132 54 58
2 262 59 60
2 136 59 61
2 10 60 64
2 132 62 65
2 17 65 76
2 136 66 70
2 8 69 84
2 132 71 77
2 14 76 77
2 17 77 84
2 27 77 87
2 136 78 112
2 11 84 85
2 1 84 112
2 18 85 111
3 113 1 54
3 143 12 14
3 245 12 14
3 132 14 22
3 53 15 23
3 259 19 23
3 26 20 27
3 133 23 32
3 48 23 53
3 191 23 53
3 252 24 27
3 20 27 48
3 144 32 35
3 253 33 36
3 8 34 42
3 245 41 48
3 2 42 45
3 8 46 49
3 27 48 54
3 1 49 54
4 2 1 2
4 117 1 7
4 120 1 7
4 143 1 18
4 22 1 37
4 8 2 15
4 78 3 12
4 110 7 33
4 210 7 33
4 246 10 18
4 17 12 14
4 73 12 23
4 11 14 31
4 4 15 20
4 120 15 35
4 139 18 33
4 257 21 23
4 8 21 29
4 78 24 35
4 245 27 34
4 2 29 37
4 17 32 34
4 143 34 35
4 10 34 37
4 117 34 45
4 132 35 38
4 69 35 40
4 18 37 41
4 8 38 41
4 26 38 55
4 136 39 68
4 79 40 45
4 247 41 42
4 5 41 66
4 53 42 45
4 171 42 73
4 17 43 48
4 46 45 73
4 114 45 73
4 191 45 73
4 252 47 53
4 11 48 73
4 19 55 73
4 253 59 65
4 9 66 73
4 132 69 71
5 17 1 3
5 179 1 8
5 133 1 72
5 113 1 74
5 10 3 7
5 11 8 12
5 171 8 74
5 247 12 13
5 17 13 19
5 53 13 20
5 13 19 22
5 48 20 74
5 191 20 74
5 252 21 27
5 17 23 34
5 253 34 35
5 10 34 36
5 11 37 46
5 246 38 43
5 257 47 49
5 17 47 53
5 10 53 59
5 245 53 65
5 17 60 69
5 262 69 71
5 11 69 74
5 132 73 74
6 17 1 4
6 143 1 7
6 117 1 8
6 8 1 14
6 26 4 14
6 11 4 29
6 139 7 32
6 110 8 33
6 209 8 33
6 246 9 16
6 23 14 16
6 5 14 33
6 22 17 32
6 257 20 21
6 245 24 33
6 18 29 35
6 27 32 37
6 143 33 35
6 9 33 36
6 117 34 40
6 132 35 37
6 247 38 39
6 179 38 40
6 17 38 41
6 53 38 41
6 133 38 55
6 114 40 73
6 171 40 73
6 11 41 67
6 46 41 69
6 191 41 69
6 252 42 48
6 144 55 57
6 253 56 63
6 132 65 67
6 18 67 72
6 136 68 73
7 117 1 8
7 17 4 10
7 53 5 20
7 113 8 52
7 245 9 12
7 143 10 12
7 15 10 13
7 133 12 28
7 26 13 20
7 17 14 20
7 10 20 22
7 266 20 24
7 19 20 49
7 48 20 52
7 191 20 52
7 17 23 26
7 11 26 52
7 144 28 32
7 253 31 35
7 245 40 49
7 27 49 53
7 132 50 51
8 141 1 7
8 8 1 8
8 23 1 80
8 117 5 11
8 4 8 9
8 143 8 10
8 35 8 19
8 8 10 27
8 139 10 33
8 245 11 17
8 110 11 34
8 212 11 34
8 41 11 39
8 17 15 23
8 31 19 30
8 253 21 23
8 13 23 36
8 1 27 34
8 245 29 34
8 36 30 42
8 143 34 36
8 118 34 41
8 8 35 49
8 132 36 39
8 17 37 47
8 261 43 45
8 117 46 51
8 10 47 60
8 2 49 60
8 110 51 56
8 209 51 56
8 245 51 56
8 118 56 64
8 247 58 60
8 9 60 68
8 53 60 68
8 17 61 67
8 181 62 80
8 13 67 69
8 48 68 80
8 191 68 80
8 252 69 79
8 18 69 80
9 143 1 5
9 117 1 10
9 23 1 14
9 53 4 22
9 133 5 48
9 17 6 19
9 114 10 50
9 245 11 15
9 27 14 25
9 13 19 24
9 165 19 38
9 252 22 24
9 48 22 50
9 191 22 50
9 17 25 38
9 253 30 33
9 10 38 41
9 18 41 48
9 245 41 48
9 143 49 50
9 118 50 52
10 117 1 4
10 143 1 6
10 8 1 10
10 23 1 23
10 110 4 29
10 212 4 29
10 245 6 12
10 139 6 31
10 4 10 16
10 41 15 21
10 9 16 24
10 253 18 20
10 17 20 25
10 41 22 35
10 22 24 32
10 245 25 29
10 10 25 32
10 117 30 43
10 18 32 37
10 27 32 37
10 143 32 37
10 53 33 43
10 261 37 39
10 133 37 69
10 173 39 56
10 184 39 56
10 114 43 69
10 191 43 69
10 48 43 70
10 252 50 54
10 26 56 59
10 20 59 69
10 245 60 65
10 118 69 72
10 27 69 75
10 132 70 71
10 144 71 75
11 133 1 47
11 46 1 50
11 191 1 50
11 113 1 52
11 246 4 14
11 17 11 15
11 13 15 46
11 8 17 19
11 252 17 19
11 253 24 27
11 245 31 34
11 271 36 37
11 245 41 47
11 18 46 52
11 9 47 52
11 132 48 49
11 141 50 52
12 133 1 77
12 113 1 83
12 53 10 18
12 17 10 20
12 245 13 15
12 252 18 20
12 47 18 76
12 191 18 76
12 13 20 76
12 253 25 26
12 245 29 31
12 8 32 44
12 256 41 44
12 247 47 48
12 246 51 58
12 252 66 69
12 9 76 83
12 18 76 83
12 143 78 79
12 132 79 83
13 143 1 10
13 117 10 15
13 26 11 20
13 245 15 18
13 114 15 75
13 19 20 81
13 247 21 30
13 153 25 38
13 143 26 31
13 53 32 36
13 48 36 75
13 191 36 75
13 172 39 60
13 181 39 60
13 252 41 44
13 8 41 53
13 253 49 52
13 144 52 57
13 17 62 67
13 245 65 72
13 11 67 81
13 118 75 81
13 132 76 78
14 8 1 12
14 11 1 56
14 113 1 58
14 19 1 60
14 245 7 10
14 132 8 11
14 141 12 17
14 2 12 21
14 247 14 21
14 132 18 21
14 143 22 31
14 8 22 41
14 53 23 28
14 181 25 44
14 172 28 47
14 47 28 58
14 191 28 58
14 141 31 51
14 266 33 41
14 245 49 58
14 1 50 58
14 144 51 59
14 18 56 64
14 118 58 61
14 9 58 64
14 27 60 64
15 8 1 12
15 17 1 20
15 23 1 24
15 110 1 26
15 209 11 29
15 2 12 29
15 248 13 16
15 37 13 54
15 11 20 41
15 27 24 35
15 245 25 30
15 118 26 33
15 153 28 31
15 184 29 31
15 9 29 39
15 253 35 39
15 117 36 39
15 114 39 150
15 18 41 47
15 253 47 49
15 17 50 57
15 245 56 61
15 11 57 75
15 47 59 78
15 261 67 68
15 184 73 80
15 247 74 78
15 153 75 97
15 10 76 130
15 26 78 106
15 132 80 81
15 189 81 98
15 132 90 92
15 53 97 102
15 182 98 118
15 191 99 134
15 47 102 130
15 266 103 107
15 23 106 131
15 253 116 132
15 18 130 142
15 27 131 150
16 113 1 64
16 246 5 11
16 53 7 18
16 149 9 15
16 143 10 13
16 133 13 50
16 147 15 64
16 269 18 24
16 48 18 64
16 253 27 29
16 26 29 33
16 23 33 35
16 248 33 35
16 27 35 43
16 245 42 43
16 247 45 46
16 167 46 64
16 143 51 54
16 136 54 64
17 143 1 3
17 113 1 5
17 117 6 12
17 245 10 13
17 17 11 16
17 53 11 17
17 112 12 58
17 143 13 16
17 26 13 17
17 10 16 18
17 252 17 22
17 23 17 40
17 46 17 58
17 15 19 22
17 141 21 37
17 10 23 58
17 256 25 27
17 245 31 36
17 143 38 39
17 309 38 44
17 136 39 58
17 26 41 45
17 255 43 44
17 283 44 51
17 19 45 58
17 309 52 56
17 280 56 58
18 117 1 4
18 143 1 5
18 149 1 5
18 189 1 5
18 78 1 12
18 245 3 4
18 53 4 7
18 113 4 29
18 35 5 10
18 184 5 28
18 133 5 29
18 145 5 29
18 309 7 11
18 47 7 29
18 252 9 10
18 284 11 37
18 73 12 37
18 253 14 17
18 245 21 24
18 168 24 29
18 255 28 29
18 190 28 32
18 150 29 33
18 118 29 37
18 36 30 37
18 136 30 37
19 136 1 3
19 117 1 8
19 309 4 9
19 143 4 11
19 26 4 15
19 35 8 20
19 212 8 39
19 110 8 51
19 120 9 14
19 284 9 19
19 139 11 32
19 245 14 17
19 20 15 39
19 149 16 20
19 179 16 20
19 189 16 20
19 309 20 23
19 163 20 28
19 147 20 34
19 184 20 34
19 281 23 25
19 17 25 32
19 253 26 28
19 309 26 28
19 284 28 37
19 245 32 34
19 13 32 51
19 143 33 35
19 190 34 37
19 150 34 38
19 132 35 36
19 143 37 40
19 36 37 41
19 309 38 48
19 26 40 44
19 139 40 49
19 209 40 51
19 23 44 50
19 35 45 52
19 283 48 50
19 245 49 51
19 143 50 51
19 27 50 53
19 310 50 53
19 149 50 54
19 189 50 54
19 132 51 53
19 28 52 54
19 117 52 57
19 11 52 74
19 36 54 58
19 133 54 68
19 145 54 68
19 168 54 68
19 184 54 68
19 53 55 58
19 113 57 69
19 252 58 64
19 46 58 69
19 150 68 71
19 190 68 71
19 143 69 70
19 118 69 74
19 132 70 72
19 144 72 74
20 28 1 2
20 117 1 6
20 143 1 6
20 309 1 6
20 35 2 15
20 26 4 12
20 149 5 12
20 284 6 7
20 246 6 11
20 139 6 27
20 110 6 30
20 205 6 34
20 310 7 12
20 189 8 13
20 120 10 14
20 167 10 28
20 20 12 29
20 147 12 29
20 184 13 27
20 17 14 23
20 253 17 21
20 11 23 29
20 245 26 27
20 190 27 31
20 143 28 31
20 309 28 33
20 27 29 33
20 36 29 33
20 118 30 34
20 245 30 34
20 13 30 48
20 132 31 32
20 53 33 38
20 284 33 49
20 167 33 51
20 149 34 40
20 46 38 47
20 252 39 44
20 147 40 46
20 144 45 53
20 150 46 53
20 18 48 55
20 310 49 57
21 149 1 6
21 189 1 6
21 117 1 7
21 143 1 7
21 167 4 18
21 147 6 50
21 184 6 50
21 17 7 11
21 139 7 38
21 110 7 39
21 205 7 39
21 35 8 12
21 127 9 13
21 245 10 11
21 26 10 16
21 11 11 15
21 253 15 20
21 18 15 27
21 22 16 42
21 245 23 26
21 256 30 31
21 246 33 39
21 143 39 41
21 17 39 43
21 118 39 47
21 36 40 45
21 46 40 56
21 132 41 42
21 252 41 45
21 167 42 52
21 27 42 55
21 13 43 58
21 144 47 53
21 150 50 56
21 190 50 56
21 18 58 63
22 132 1 2
22 144 2 5
22 245 6 10
22 78 6 14
22 35 7 11
22 117 8 11
22 143 8 12
22 149 9 14
22 17 10 14
22 53 10 15
22 113 11 34
22 31 11 37
22 133 12 35
22 145 14 34
22 13 14 37
22 73 14 37
22 168 15 20
22 47 15 37
22 191 15 37
22 252 16 17
22 253 20 23
22 179 21 23
22 174 23 37
22 245 27 32
22 118 34 38
22 150 34 38
22 143 36 38
22 18 37 41
22 36 37 41
22 79 37 41
22 180 37 41
22 132 38 40
23 117 1 5
23 143 1 8
23 17 1 10
23 41 1 10
23 110 5 27
23 209 5 27
23 248 6 7
23 139 8 9
23 143 10 12
23 14 10 30
23 132 12 15
23 26 15 22
23 144 15 22
23 125 18 21
23 20 22 29
23 245 24 27
23 118 27 33
23 143 29 31
23 27 29 36
23 139 31 36
23 13 31 95
23 39 33 62
23 144 36 39
23 253 36 41
23 245 54 60
23 143 56 58
23 117 56 59
23 132 58 59
23 114 59 61
23 149 61 65
23 53 62 66
23 117 62 67
23 143 64 66
23 145 65 92
23 47 66 94
23 133 66 94
23 191 66 94
23 113 67 94
23 252 69 71
23 253 75 76
23 253 80 87
23 245 91 94
23 150 92 97
23 118 94 97
23 143 95 96
23 18 95 105
23 132 96 97
23 144 97 103
24 8 1 4
24 117 1 5
24 146 1 11
24 174 2 6
24 5 4 10
24 110 5 7
24 209 5 7
24 245 5 7
24 17 7 12
24 143 8 11
24 117 8 13
24 53 9 12
24 35 9 13
24 252 10 12
24 9 10 20
24 168 10 39
24 191 10 39
24 133 11 39
24 46 12 39
24 145 12 39
24 14 12 42
24 29 13 36
24 113 13 39
24 253 18 19
24 245 25 32
24 36 36 39
24 247 38 39
24 118 39 43
24 150 39 45
24 143 40 41
24 132 41 44
24 18 42 48
25 117 1 6
25 143 1 6
25 146 1 58
25 174 1 58
25 184 1 58
25 26 2 7
25 139 6 7
25 110 6 9
25 209 6 9
25 246 6 9
25 35 6 11
25 20 7 10
25 143 8 13
25 17 10 14
25 27 10 15
25 53 10 15
25 117 10 15
25 31 11 33
25 133 13 42
25 270 14 18
25 14 14 44
25 111 15 53
25 46 15 58
25 191 15 58
25 253 26 27
25 36 33 36
25 245 36 38
25 143 43 44
25 247 43 44
25 132 44 49
25 18 44 53
25 118 53 56
26 110 1 4
26 149 1 4
26 20 1 6
26 144 2 4
26 245 4 6
26 163 4 7
26 17 4 10
26 118 4 10
26 53 5 10
26 150 6 9
26 27 6 10
26 35 9 17
26 46 10 40
26 191 10 40
26 13 10 41
26 252 11 12
26 8 11 17
26 256 15 16
26 31 17 33
26 245 21 22
26 255 27 29
26 36 33 39
26 9 38 45
26 18 41 45
27 110 1 2
27 245 2 3
27 118 2 6
27 8 2 14
27 144 3 12
27 26 4 10
27 258 5 9
27 17 10 12
27 53 10 13
27 19 10 48
27 252 11 15
27 15 12 19
27 46 13 46
27 191 13 46
27 1 14 47
27 253 16 20
27 18 19 22
27 120 21 24
27 268 23 26
27 245 27 30
27 262 33 39
27 54 46 53
27 9 47 53
27 27 48 53
28 143 1 3
28 149 1 3
28 117 1 4
28 168 1 4
28 17 1 5
28 53 1 5
28 193 1 5
28 245 2 3
28 133 3 29
28 145 3 30
28 113 4 30
28 191 5 30
28 46 5 31
28 15 5 32
28 173 5 35
28 252 6 9
28 253 13 17
28 245 20 29
28 143 30 31
28 118 30 32
28 150 30 34
28 54 31 35
28 18 32 35
29 133 1 10
29 115 1 12
29 146 1 15
29 173 1 15
29 245 2 4
29 53 3 5
29 193 3 5
29 46 5 31
29 191 5 31
29 271 6 10
29 144 10 16
29 118 12 16
29 150 15 18
29 253 15 18
29 180 15 19
29 36 16 20
29 245 22 31
30 117 1 5
30 8 1 9
30 110 5 13
30 4 9 17
30 246 10 14
30 149 14 18
30 143 14 19
30 117 14 20
30 17 15 20
30 53 15 20
30 9 17 24
30 145 18 50
30 133 19 48
30 269 20 27
30 13 20 28
30 113 20 49
30 48 20 58
30 168 22 25
30 191 23 54
30 173 28 32
30 17 29 37
30 253 33 35
30 168 33 49
30 10 37 41
30 253 39 47
30 17 42 52
30 144 48 53
30 118 49 54
30 150 50 54
30 13 52 55
30 18 55 63
30 54 58 64
30 143 60 63
30 132 63 65
30 144 65 68
31 8 1 7
31 117 2 8
31 143 3 7
31 246 7 12
31 139 7 13
31 5 7 17
31 110 8 12
31 189 11 17
31 118 12 17
31 26 13 19
31 143 14 16
31 149 16 20
31 17 16 23
31 136 16 33
31 258 17 21
31 9 17 23
31 53 17 28
31 185 17 67
31 24 19 53
31 147 20 56
31 13 23 29
31 252 25 29
31 48 28 67
31 191 28 67
31 17 30 40
31 144 33 50
31 253 35 38
31 179 37 40
31 10 40 45
31 168 40 67
31 245 43 57
31 17 46 56
31 27 53 59
31 13 56 67
31 150 56 67
32 246 5 11
32 149 11 17
32 8 13 17
32 117 13 17
32 143 14 18
32 258 15 18
32 53 15 25
32 17 17 22
32 114 17 49
32 147 17 54
32 2 17 63
32 252 22 23
32 13 22 25
32 47 25 52
32 191 25 52
32 17 26 36
32 253 29 31
32 10 36 44
32 245 37 48
32 17 45 55
32 144 46 63
32 118 49 63
32 54 52 62
32 150 54 63
32 13 55 63
34 17 1 18
34 246 5 11
34 53 11 23
34 143 16 19
34 272 17 23
34 13 18 28
34 117 20 27
34 50 23 44
34 191 23 44
34 114 27 41
34 253 29 32
34 17 29 41
34 245 36 46
34 10 41 44
34 118 41 49
34 144 43 51
34 18 44 51
34 54 44 52
35 117 2 7
35 246 6 8
35 110 7 8
35 17 7 14
35 53 7 16
35 149 8 13
35 26 8 15
35 143 9 12
35 117 9 16
35 259 13 15
35 145 13 40
35 10 14 15
35 24 15 39
35 17 16 23
35 113 16 33
35 171 16 37
35 48 16 57
35 191 16 57
35 252 22 24
35 13 23 31
35 253 29 32
35 17 32 42
35 118 33 38
35 245 35 49
35 27 39 49
35 150 40 45
35 10 42 46
35 144 46 52
35 17 47 56
35 13 56 62
35 54 57 62
36 117 1 12
36 246 5 8
36 26 8 18
36 8 9 19
36 143 11 17
36 110 12 27
36 259 12 28
36 139 17 25
36 22 18 58
36 4 19 27
36 143 26 31
36 9 27 38
36 117 28 34
36 149 28 37
36 53 31 40
36 133 31 63
36 269 33 37
36 113 34 71
36 179 37 43
36 145 37 70
36 48 40 79
36 191 40 79
36 173 43 72
36 253 45 49
36 245 53 65
36 27 58 79
36 144 63 67
36 150 70 75
36 118 71 75
36 180 72 79
37 117 5 13
37 246 8 13
37 26 11 18
37 143 11 19
37 8 12 20
37 110 13 32
37 35 14 18
37 173 16 21
37 22 18 57
37 139 19 30
37 253 20 23
37 2 20 32
37 245 27 33
37 143 31 35
37 149 32 35
37 9 32 37
37 53 32 37
37 117 33 40
37 133 35 47
37 145 35 49
37 269 36 43
37 46 37 54
37 191 37 54
37 173 39 48
37 113 40 49
37 36 43 55
37 144 47 53
37 118 49 53
37 150 49 53
37 54 54 61
37 27 57 63
38 143 1 3
38 11 1 34
38 132 3 5
38 117 3 9
38 144 5 7
38 143 8 11
38 111 9 64
38 246 10 14
38 139 11 46
38 191 12 46
38 53 13 16
38 46 16 46
38 252 20 21
38 253 24 29
38 78 24 37
38 120 31 49
38 8 32 38
38 246 32 49
38 17 35 39
38 69 37 45
38 13 39 82
38 79 45 58
38 54 46 49
38 8 46 58
38 143 47 49
38 132 49 50
38 143 51 54
38 139 54 64
38 4 58 61
38 9 61 66
38 253 62 65
38 118 64 67
38 143 65 66
38 26 65 72
38 132 66 68
38 144 68 71
38 245 71 72
38 22 72 77
38 247 76 78
38 27 77 82
39 8 1 6
39 26 3 7
39 246 5 14
39 117 6 8
39 4 6 17
39 24 7 12
39 111 8 11
39 27 12 15
39 117 12 16
39 53 13 16
39 143 13 16
39 191 15 25
39 133 16 24
39 46 16 25
39 113 16 25
39 9 17 22
39 252 19 23
39 144 24 29
39 26 24 33
39 54 25 28
39 117 26 32
39 8 27 34
39 78 29 33
39 120 29 38
39 108 30 37
39 253 30 39
39 111 32 34
39 19 33 38
39 70 33 38
39 1 34 36
39 118 34 37
39 9 36 40
39 90 37 40
39 79 38 50
39 27 38 57
39 109 40 50
39 246 43 50
39 143 53 56
39 132 56 57
40 8 1 7
40 113 1 60
40 53 3 6
40 246 6 13
40 46 6 24
40 191 6 24
40 5 7 43
40 252 17 20
40 54 24 26
40 17 24 31
40 26 24 32
40 120 24 41
40 78 25 31
40 253 29 36
40 108 30 35
40 10 31 38
40 72 31 38
40 22 32 38
40 94 35 39
40 27 38 44
40 18 38 47
40 79 38 49
40 109 39 50
40 246 41 47
40 143 42 43
40 132 43 44
40 9 43 52
40 143 45 46
41 117 1 7
41 8 1 10
41 143 1 13
41 119 1 49
41 20 1 59
41 78 2 9
41 176 6 34
41 111 7 48
41 74 9 53
41 5 10 49
41 247 11 12
41 133 13 82
41 246 14 21
41 253 22 34
41 191 22 59
41 47 22 64
41 175 35 48
41 274 42 47
41 280 47 48
41 118 48 59
41 176 49 59
41 9 49 65
41 79 53 71
41 27 59 75
41 38 68 82
41 120 70 80
42 14 1 2
42 120 1 3
42 143 1 9
42 18 2 5
42 119 5 41
42 117 7 27
42 133 9 40
42 149 10 19
42 47 10 25
42 17 11 17
42 248 13 14
42 210 13 22
42 8 13 26
42 35 15 28
42 14 17 44
42 147 19 54
42 245 20 22
42 2 26 82
42 247 27 28
42 110 27 39
42 214 27 39
42 31 28 75
42 245 30 34
42 253 36 43
42 117 40 45
42 141 41 51
42 48 44 81
42 13 45 54
42 113 45 82
42 258 47 51
42 191 47 81
42 133 52 82
42 18 54 65
42 146 55 82
42 252 57 65
42 17 69 75
42 13 75 76
42 36 75 82
42 18 76 82
43 120 1 2
43 14 1 15
43 117 1 15
43 143 3 16
43 8 5 18
43 26 5 19
43 149 9 17
43 247 14 15
43 113 15 86
43 13 16 26
43 133 16 86
43 246 17 32
43 146 17 86
43 2 18 68
43 20 19 51
43 48 22 86
43 14 27 36
43 193 32 45
43 245 35 41
43 13 38 49
43 247 43 44
43 191 45 80
43 252 46 48
43 78 47 62
43 17 50 62
43 27 51 65
43 253 56 61
43 70 62 70
43 10 62 71
43 9 68 80
43 79 70 80
43 247 72 73
43 17 72 78
43 262 75 79
43 26 75 80
43 13 78 80
43 20 80 81
43 18 80 86
43 194 80 86
43 27 81 84
43 120 81 86
44 120 1 2
44 17 1 7
44 117 1 7
44 143 1 9
44 53 1 11
44 149 4 9
44 119 4 31
44 8 6 12
44 11 7 10
44 113 7 68
44 133 9 55
44 146 9 68
44 247 11 12
44 17 11 21
44 48 11 31
44 2 12 54
44 246 13 21
44 13 21 24
44 245 22 29
44 17 25 36
44 247 33 34
44 252 35 37
44 48 35 55
44 191 35 55
44 10 36 50
44 78 41 49
44 253 42 48
44 67 49 61
44 17 51 58
44 9 54 64
44 120 55 68
44 134 56 68
44 14 58 61
44 18 61 66
44 79 61 68
45 48 1 7
45 17 2 7
45 119 4 34
45 11 7 32
45 248 8 16
45 205 8 38
45 53 8 39
45 143 10 16
45 26 11 16
45 169 16 18
45 133 16 30
45 20 16 58
45 8 20 23
45 245 22 27
45 117 23 27
45 2 23 92
45 114 27 61
45 193 29 40
45 253 31 38
45 141 31 59
45 17 33 40
45 48 39 84
45 14 40 61
45 191 40 85
45 252 42 54
45 169 42 57
45 246 57 62
45 26 59 69
45 133 60 92
45 18 61 66
45 149 61 69
45 117 62 66
45 245 66 70
45 113 66 92
45 168 67 92
45 23 69 86
45 146 69 92
45 268 76 80
45 54 84 92
45 40 85 92
45 27 86 92
46 133 1 3
46 119 1 15
46 113 1 49
46 193 2 12
46 245 4 6
46 53 4 12
46 135 4 49
46 149 10 14
46 179 10 15
46 8 12 14
46 268 12 15
46 46 12 49
46 191 12 49
46 2 14 32
46 146 14 49
46 168 15 49
46 253 19 24
46 245 26 37
46 9 32 43
46 26 33 35
46 23 35 49
46 247 42 44
47 119 1 6
47 38 1 19
47 248 3 6
47 26 8 12
47 132 9 10
47 78 11 15
47 245 11 15
47 23 12 26
47 143 14 17
47 74 15 25
47 8 16 25
47 117 17 20
47 141 17 31
47 111 20 33
47 253 22 42
47 5 25 42
47 78 26 30
47 26 28 34
47 73 30 34
47 143 32 36
47 17 32 44
47 118 33 40
47 79 34 42
47 22 34 59
47 135 36 105
47 179 41 47
47 149 41 48
47 9 42 46
47 117 42 50
47 13 44 57
47 168 47 97
47 53 48 56
47 193 48 56
47 146 48 105
47 113 50 105
47 78 52 61
47 261 53 55
47 248 56 57
47 48 56 105
47 191 56 105
47 17 58 71
47 26 60 73
47 70 61 105
47 245 63 64
47 252 67 71
47 10 71 96
47 19 73 91
47 253 75 77
47 245 81 91
47 27 91 105
47 262 95 98
47 18 96 105
47 38 96 105
47 180 97 105
48 117 1 3
48 143 1 5
48 53 1 6
48 149 1 7
48 119 1 10
48 168 1 29
48 113 3 66
48 248 4 11
48 135 5 66
48 47 6 28
48 146 7 66
48 78 12 19
48 73 19 49
48 245 24 29
48 35 27 33
48 53 29 30
48 17 29 41
48 49 30 66
48 31 33 39
48 191 33 66
48 167 34 39
48 253 34 39
48 44 39 42
48 36 39 46
48 13 41 52
48 41 42 50
48 245 46 56
48 79 49 66
48 45 50 56
48 18 52 64
48 120 64 66
49 8 1 5
49 35 1 7
49 110 1 64
49 139 1 67
49 88 2 18
49 17 3 18
49 248 5 9
49 2 5 55
49 171 7 36
49 32 7 63
49 26 11 18
49 119 15 20
49 78 15 33
49 253 17 20
49 13 18 40
49 20 18 53
49 245 24 29
49 73 33 40
49 253 34 37
49 245 40 43
49 79 40 61
49 50 40 67
49 17 41 53
49 88 43 54
49 268 51 55
49 171 51 61
49 10 53 63
49 27 53 64
49 9 55 67
49 262 57 64
49 89 60 67
49 18 63 67
49 36 63 67
49 118 64 67
50 119 1 8
50 136 1 12
50 248 2 5
50 26 2 8
50 193 7 16
50 53 7 23
50 23 8 54
50 245 11 15
50 117 11 16
50 179 12 14
50 149 12 17
50 133 13 19
50 168 14 81
50 113 16 81
50 191 16 81
50 146 17 81
50 255 18 23
50 143 20 21
50 132 21 22
50 135 23 77
50 48 23 81
50 253 28 34
50 245 37 45
50 8 43 49
50 1 49 52
50 256 51 52
50 9 52 56
50 27 54 62
50 246 54 63
50 133 78 81
53 117 1 9
53 246 6 22
53 111 9 12
53 143 12 20
53 117 13 27
53 26 18 25
53 108 20 35
53 35 20 42
53 133 20 71
53 193 22 34
53 22 25 73
53 46 25 73
53 268 26 39
53 113 27 87
53 191 34 73
53 99 35 73
53 31 42 74
53 245 44 54
53 262 58 71
53 143 72 74
53 194 73 82
53 109 73 84
53 27 73 87
53 132 74 75
53 36 74 82
53 144 75 82
54 117 1 6
54 110 6 20
54 246 8 22
54 48 17 64
54 143 18 26
54 189 18 35
54 117 21 30
54 136 26 36
54 268 26 41
54 113 30 47
54 184 35 74
54 143 37 41
54 137 41 61
54 26 42 52
54 245 47 57
54 108 47 61
54 114 48 83
54 35 51 62
54 23 52 72
54 144 61 69
54 262 61 70
54 99 61 73
54 31 62 73
54 27 72 83
54 36 73 83
54 47 73 83
54 109 73 83
54 190 74 83
55 117 2 9
55 17 4 11
55 53 4 11
55 143 4 13
55 78 8 14
55 246 9 13
55 146 9 33
55 113 9 59
55 11 11 59
55 46 11 59
55 191 11 59
55 35 12 18
55 134 13 59
55 74 14 43
55 32 18 24
55 252 19 20
55 36 24 30
55 253 26 27
55 26 32 36
55 249 34 43
55 20 36 59
55 79 43 52
56 17 1 9
56 114 1 9
56 53 4 19
56 246 5 9
56 118 9 16
56 10 9 19
56 252 15 18
56 253 19 21
56 48 19 50
56 191 19 67
56 17 20 25
56 26 20 26
56 257 24 25
56 13 25 33
56 23 26 67
56 17 34 49
56 245 35 49
56 13 49 52
56 49 51 67
56 17 53 65
56 14 65 67
57 117 1 9
57 143 1 9
57 53 1 10
57 78 4 12
57 26 7 12
57 246 7 14
57 17 8 12
57 114 9 35
57 133 9 35
57 48 10 33
57 191 10 33
57 14 12 17
57 20 12 19
57 74 12 47
57 119 16 22
57 252 17 18
57 18 17 22
57 8 17 26
57 27 19 24
57 253 25 27
57 2 26 38
57 245 32 41
57 26 35 47
57 117 36 46
57 143 36 46
57 8 39 50
57 110 46 51
57 139 46 52
57 17 47 56
57 79 47 58
57 22 47 105
57 248 49 50
57 35 50 56
57 5 50 59
57 118 51 59
57 144 52 55
57 44 54 59
57 28 56 67
57 246 56 68
57 10 56 105
57 41 59 96
57 8 60 72
57 36 67 72
57 1 72 95
57 253 74 85
57 247 87 96
57 132 89 91
57 132 95 97
57 9 95 105
57 45 96 105
58 117 1 10
58 143 5 10
58 149 5 11
58 246 9 15
58 35 9 20
58 133 10 47
58 113 10 66
58 147 11 66
58 8 15 23
58 267 19 23
58 26 19 24
58 17 19 30
58 53 20 34
58 31 20 48
58 2 23 66
58 22 24 66
58 253 27 51
58 13 30 50
58 49 34 66
58 191 34 66
58 134 48 66
58 32 49 66
58 14 51 66
59 114 1 6
59 137 1 6
59 118 6 11
59 144 6 11
59 246 7 15
59 17 12 19
59 35 12 19
59 53 12 22
59 26 18 26
59 154 18 33
59 31 19 50
59 14 19 80
59 255 21 33
59 49 22 43
59 191 22 43
59 23 26 29
59 8 27 41
59 22 30 70
59 253 36 38
59 257 40 42
59 2 41 80
59 53 44 51
59 245 49 67
59 32 51 80
59 47 51 80
59 23 71 80
60 78 7 19
60 143 9 19
60 246 9 20
60 35 9 21
60 17 14 21
60 53 14 25
60 189 19 25
60 74 19 43
60 133 19 61
60 26 21 30
60 31 21 45
60 13 21 61
60 268 25 32
60 187 25 33
60 49 25 61
60 191 25 61
60 22 30 61
60 190 33 36
60 8 33 39
60 5 39 42
60 253 39 51
60 9 42 51
60 79 43 54
60 36 45 54
61 134 1 4
61 53 1 9
61 149 1 9
61 113 1 59
61 17 2 6
61 133 5 59
61 10 6 15
61 246 7 16
61 78 9 18
61 48 9 54
61 191 9 54
61 146 9 59
61 35 11 18
61 17 16 24
61 247 18 22
61 31 18 39
61 74 18 39
61 170 21 46
61 13 24 29
61 252 25 26
61 253 28 32
61 17 30 34
61 10 34 36
61 245 35 45
61 17 37 45
61 36 39 45
61 79 39 50
61 14 45 50
61 262 49 54
61 17 51 57
61 54 54 59
61 14 57 59
62 117 1 7
62 143 2 8
62 149 3 9
62 53 3 11
62 17 4 9
62 113 7 62
62 133 8 62
62 147 9 18
62 10 9 19
62 246 10 19
62 35 11 21
62 78 11 21
62 48 11 54
62 191 11 54
62 149 19 23
62 17 20 26
62 255 21 25
62 73 21 40
62 31 21 45
62 170 22 60
62 146 23 62
62 252 26 29
62 13 26 32
62 253 32 35
62 17 33 38
62 249 37 50
62 10 38 39
62 17 40 51
62 79 40 53
62 36 45 53
62 14 51 52
62 262 52 55
62 17 53 60
62 54 54 62
62 14 60 62
63 117 1 6
63 8 1 7
63 26 1 18
63 35 2 8
63 110 6 38
63 1 7 62
63 31 8 62
63 253 10 16
63 253 18 25
63 19 18 62
63 146 21 62
63 17 25 28
63 53 25 28
63 253 28 31
63 47 28 52
63 191 28 52
63 11 28 62
63 254 35 50
63 118 38 51
63 54 52 62
63 171 53 62
63 132 57 62
64 17 1 16
64 8 2 11
64 143 7 12
64 246 10 15
64 4 11 25
64 136 12 21
64 11 16 24
64 161 18 32
64 258 19 24
64 35 20 30
64 53 20 30
64 143 22 25
64 108 22 34
64 17 25 30
64 26 25 30
64 9 25 41
64 141 25 50
64 252 27 35
64 13 30 36
64 22 30 70
64 31 30 86
64 46 30 86
64 191 30 86
64 97 34 64
64 17 37 46
64 253 38 52
64 13 46 52
64 143 51 56
64 17 53 63
64 169 56 85
64 136 56 86
64 13 63 66
64 109 64 80
64 17 67 78
64 26 71 76
64 23 76 86
64 13 78 79
64 18 79 86
65 17 1 7
65 117 1 7
65 143 1 7
65 26 1 10
65 161 6 22
65 10 7 18
65 114 7 20
65 134 7 41
65 246 8 11
65 8 8 13
65 53 8 18
65 19 10 67
65 2 13 29
65 258 15 18
65 46 18 67
65 191 18 67
65 17 19 29
65 118 20 44
65 252 22 28
65 35 23 30
65 10 29 67
65 253 30 44
65 8 30 46
65 31 30 67
65 143 42 44
65 141 44 46
65 1 46 67
65 143 47 51
65 136 51 67
66 17 1 10
66 246 5 13
66 143 6 17
66 10 10 17
66 108 12 25
66 26 15 19
66 258 17 21
66 141 17 25
66 17 18 28
66 19 19 33
66 53 25 31
66 91 25 39
66 143 26 30
66 252 27 29
66 187 27 56
66 10 28 40
66 136 30 56
66 48 31 56
66 191 31 56
66 35 32 40
66 253 33 39
66 26 34 47
66 109 39 47
66 31 40 56
66 17 41 47
66 13 47 50
66 23 47 56
66 18 50 56
67 113 1 10
67 133 1 30
67 17 4 11
67 26 6 13
67 8 7 15
67 35 8 18
67 246 9 15
67 53 9 17
67 117 11 23
67 10 11 34
67 78 12 21
67 19 13 36
67 2 15 32
67 46 17 70
67 191 17 70
67 252 18 19
67 31 18 70
67 266 21 27
67 74 21 48
67 114 23 46
67 253 30 41
67 143 31 42
67 9 32 37
67 17 35 45
67 26 37 53
67 136 42 70
67 13 45 61
67 245 46 55
67 118 46 58
67 79 48 66
67 22 53 70
67 8 61 68
67 17 62 70
67 2 68 70
67 14 70 71
68 8 1 10
68 137 1 17
68 26 1 22
68 246 5 15
68 5 10 20
68 41 15 26
68 143 18 20
68 9 20 28
68 141 20 28
68 17 21 33
68 22 22 48
68 35 24 29
68 252 26 35
68 46 26 108
68 191 26 108
68 143 29 39
68 32 29 42
68 13 33 35
68 18 35 42
68 136 39 49
68 253 42 49
68 36 42 50
68 144 49 59
68 26 49 62
68 8 53 61
68 245 55 66
68 17 58 63
68 2 61 108
68 19 62 88
68 11 63 108
68 20 89 108
