1 3 1 10
1 1 1 38
1 5 1 104
1 8 1 868
1 10 1 6000
1 12 1 6000
1 14 1 6000
1 16 1 6000
1 4 11 26
1 3 27 37
2 4 38 54
2 2 39 40
2 1 41 95
2 3 55 65
4 4 95 113
4 2 96 99
4 1 100 185
4 6 105 106
4 5 107 258
4 3 114 126
7 2 186 187
7 1 187 218
7 4 188 206
7 3 207 216
8 4 217 237
8 2 219 221
8 1 222 246
8 3 238 246
9 2 247 248
9 4 247 259
9 1 248 249
9 2 249 252
9 1 253 339
9 6 259 263
9 3 260 262
9 4 263 268
9 5 264 287
9 3 269 277
12 4 335 356
12 2 340 341
12 1 341 395
12 3 357 365
14 2 396 398
14 1 399 415
14 4 399 416
14 6 407 410
14 5 411 609
14 2 416 420
14 3 417 427
15 1 421 458
15 4 428 446
15 3 447 448
15 4 448 449
15 3 449 457
16 4 458 476
16 2 459 462
16 1 463 1076
16 3 477 485
36 4 1056 1077
36 6 1060 1072
36 5 1073 1088
36 2 1077 1080
36 3 1078 1084
37 1 1081 1196
37 4 1085 1110
37 6 1089 1102
37 5 1103 1118
40 7 1174 1175
40 4 1175 1195
40 8 1175 2222
40 6 1178 1190
40 5 1191 1210
40 3 1196 1205
40 2 1197 1198
40 1 1198 1284
43 4 1265 1275
43 6 1268 1272
43 5 1273 1328
43 3 1276 1281
43 4 1282 1283
43 3 1284 1295
43 2 1285 1290
44 1 1291 1316
44 4 1296 1307
44 3 1308 1312
44 4 1313 1317
44 2 1317 1318
44 1 1318 1436
44 3 1318 1325
48 4 1416 1424
48 6 1420 1421
48 5 1422 1449
48 3 1425 1446
48 2 1437 1440
49 1 1441 1442
49 2 1443 1444
49 1 1444 1557
49 4 1447 1456
49 6 1450 1454
49 5 1455 1478
49 3 1457 1459
49 4 1460 1464
49 3 1465 1475
52 4 1536 1551
52 3 1552 1553
52 6 1552 1553
52 4 1553 1554
52 5 1553 1569
52 3 1555 1566
52 2 1558 1560
53 1 1561 1689
53 4 1567 1575
53 6 1570 1572
53 5 1573 1599
53 3 1576 1595
57 4 1686 1705
57 2 1690 1691
57 1 1692 1799
57 3 1706 1713
60 4 1776 1796
60 6 1780 1784
60 5 1785 2115
60 3 1797 1808
60 2 1800 1801
61 1 1801 1887
61 4 1809 1828
61 3 1829 1834
63 4 1864 1887
63 2 1888 1889
63 3 1888 1895
63 1 1889 1890
63 2 1890 1891
64 1 1891 1956
64 4 1896 1916
64 3 1917 1924
66 3 1951 1953
66 4 1954 1975
66 2 1957 1958
66 1 1958 2194
66 3 1976 1982
74 2 2195 2199
74 4 2195 2207
74 1 2200 2201
74 2 2201 2202
74 1 2203 2204
74 2 2204 2220
74 3 2208 2226
75 1 2221 2254
75 7 2223 2224
75 8 2224 2235
75 4 2227 2244
75 7 2236 2237
75 8 2237 2314
75 3 2245 2252
76 4 2253 2280
76 2 2255 2260
76 1 2261 2262
76 2 2263 2267
76 1 2268 2269
76 2 2269 2275
76 1 2276 2277
76 2 2278 2280
77 3 2281 2285
77 1 2281 2315
77 4 2286 2307
77 3 2308 2314
78 7 2315 2316
78 4 2315 2335
78 2 2316 2318
78 8 2316 2318
78 7 2319 2320
78 1 2319 2320
78 6 2319 2320
78 2 2320 2334
78 8 2320 2403
78 5 2320 2410
78 1 2335 2351
78 3 2336 2347
79 4 2348 2363
79 2 2352 2353
79 1 2353 2373
79 3 2364 2365
79 4 2365 2367
79 3 2368 2373
80 2 2374 2375
80 4 2374 2397
80 1 2376 2549
80 3 2398 2404
85 4 2527 2548
85 6 2532 2538
85 5 2539 2559
85 3 2549 2555
85 2 2550 2551
86 1 2551 2638
86 4 2556 2573
86 6 2560 2568
86 5 2569 2591
86 3 2574 2587
88 4 2616 2635
88 6 2622 2627
88 5 2628 2652
88 3 2636 2646
88 2 2639 2640
89 1 2641 2723
89 4 2647 2667
89 6 2653 2659
89 5 2660 2681
89 3 2668 2675
91 4 2706 2723
91 6 2710 2717
91 5 2718 2739
91 2 2724 2730
91 3 2724 2736
92 1 2731 2861
92 4 2737 2754
92 6 2740 2750
92 5 2751 2773
92 3 2755 2768
96 4 2857 2876
96 6 2861 2870
96 2 2862 2863
96 1 2863 3017
96 5 2871 2896
96 3 2877 2888
101 3 3001 3006
101 4 3007 3030
101 6 3013 3014
101 5 3015 3037
101 2 3018 3025
101 1 3026 3046
102 3 3031 3034
102 4 3035 3055
102 6 3038 3049
102 2 3047 3048
102 1 3049 3074
102 5 3050 3069
102 3 3056 3065
103 4 3066 3088
103 6 3070 3082
103 2 3075 3083
103 5 3083 3102
103 1 3084 3108
103 3 3089 3094
104 4 3095 3120
104 6 3103 3104
104 5 3104 3157
104 2 3109 3113
104 1 3114 3115
104 2 3115 3116
104 1 3117 3118
104 2 3118 3119
104 1 3119 3134
105 3 3121 3125
105 4 3126 3149
105 2 3135 3136
105 1 3136 3137
105 2 3138 3142
105 1 3143 3160
105 3 3150 3153
106 4 3154 3174
106 6 3158 3167
106 2 3161 3162
106 1 3163 3164
106 2 3165 3172
106 5 3168 3219
106 1 3173 3174
106 2 3175 3176
106 3 3175 3184
106 1 3176 3196
107 4 3185 3206
107 2 3197 3198
107 1 3199 3201
107 2 3202 3203
107 1 3203 3205
107 2 3206 3207
107 1 3207 3208
107 3 3207 3214
107 2 3208 3209
107 1 3209 3224
108 4 3215 3240
108 6 3220 3233
108 2 3225 3226
108 1 3226 3227
108 2 3227 3231
108 1 3232 3256
108 5 3234 3277
109 3 3241 3244
109 4 3245 3267
109 2 3257 3262
109 1 3263 3283
109 3 3268 3274
110 4 3275 3279
110 6 3278 3290
110 3 3280 3281
110 4 3282 3296
110 2 3284 3285
110 1 3285 3286
110 2 3286 3287
110 1 3287 3288
110 2 3288 3289
110 1 3290 3316
110 5 3291 3311
110 3 3297 3304
111 4 3305 3328
111 6 3312 3313
111 5 3314 3317
111 2 3317 3320
111 6 3318 3319
111 5 3319 3339
111 1 3321 3326
111 2 3327 3328
111 1 3328 3347
111 3 3329 3334
112 4 3335 3358
112 6 3340 3348
112 2 3348 3349
112 1 3349 3377
112 5 3349 3399
112 3 3359 3364
113 4 3365 3387
113 2 3378 3383
113 1 3384 3405
113 3 3388 3394
114 4 3395 3416
114 6 3400 3402
114 5 3403 3429
114 2 3406 3407
114 1 3408 3409
114 2 3409 3410
114 1 3411 3435
114 3 3417 3425
115 4 3426 3447
115 6 3430 3439
115 2 3436 3443
115 5 3440 3458
115 1 3444 3460
115 3 3448 3455
116 4 3456 3479
116 6 3459 3469
116 2 3461 3462
116 1 3462 3467
116 2 3468 3469
116 1 3470 3471
116 5 3470 3491
116 2 3471 3472
116 1 3473 3496
116 3 3480 3485
117 4 3486 3504
117 6 3492 3493
117 5 3494 3525
117 2 3497 3498
117 1 3498 3499
117 2 3499 3501
117 1 3502 3530
117 3 3505 3522
118 4 3523 3540
118 6 3526 3532
118 2 3531 3536
118 5 3533 3550
118 1 3537 3584
120 4 3576 3599
120 2 3585 3597
120 1 3598 3719
120 3 3600 3603
124 4 3695 3718
124 3 3719 3724
124 2 3720 3721
125 1 3721 3838
125 4 3725 3744
125 3 3745 3755
128 4 3816 3840
128 2 3839 3840
129 3 3841 3845
129 1 3841 4079
129 4 3846 3865
129 3 3866 3873
136 4 4056 4074
136 3 4075 4084
136 2 4080 4081
137 1 4081 4199
137 4 4085 4105
137 3 4106 4115
140 4 4174 4200
140 2 4200 4201
141 3 4201 4204
141 1 4201 4230
141 4 4205 4227
141 3 4228 4236
142 2 4231 4239
142 4 4237 4257
142 1 4240 4253
142 2 4254 4260
142 3 4258 4264
143 1 4261 4287
143 4 4265 4286
143 3 4287 4295
143 2 4288 4289
143 1 4289 4307
144 4 4296 4308
144 2 4308 4320
144 3 4309 4325
145 1 4321 4616
145 4 4326 4345
145 3 4346 4355
154 4 4596 4614
154 3 4615 4626
154 2 4617 4620
155 1 4621 4926
155 4 4627 4648
155 3 4649 4655
165 2 4927 4929
165 4 4928 4946
165 1 4930 5249
165 3 4947 4954
175 4 5225 5250
175 2 5250 5251
176 3 5251 5254
176 1 5251 5339
176 4 5255 5276
176 3 5277 5284
178 4 5317 5336
178 3 5337 5343
178 2 5340 5341
179 1 5341 5426
179 4 5344 5369
179 3 5370 5378
181 4 5408 5418
181 6 5411 5414
181 5 5415 5467
181 3 5419 5420
181 4 5421 5422
181 3 5422 5423
181 4 5424 5425
181 3 5425 5440
181 2 5427 5428
181 1 5429 5514
184 4 5497 5515
184 6 5500 5503
184 5 5504 5529
184 2 5515 5519
184 3 5516 5525
184 1 5520 5818
194 4 5797 5815
194 3 5816 5832
194 2 5819 5820
194 1 5820 5878
196 3 5851 5859
196 4 5860 5876
196 6 5862 5865
196 5 5866 5888
196 3 5877 5885
196 2 5879 5880
196 1 5880 5908
197 4 5886 5898
197 6 5889 5895
197 5 5896 5919
197 3 5899 5903
197 4 5904 5906
197 3 5907 5916
197 2 5909 5910
197 1 5910 5934
198 4 5917 5933
198 6 5920 5923
198 5 5924 5948
198 3 5934 5945
198 2 5935 5937
198 1 5938 6000
3 4 66 83
3 3 84 94
5 4 127 144
5 3 145 153
6 4 154 177
6 3 178 187
10 4 278 298
10 6 288 290
10 5 291 406
10 3 299 305
11 4 306 323
11 3 324 334
13 4 366 367
13 3 367 368
13 4 368 381
13 3 382 398
17 4 486 506
17 3 507 508
17 4 508 509
17 3 509 510
17 4 510 511
18 3 511 519
18 4 520 535
18 3 536 544
19 4 545 565
19 3 566 576
20 4 577 595
20 3 596 605
21 4 606 612
21 6 610 620
21 3 613 614
21 4 615 623
21 5 621 639
21 3 624 633
22 4 634 660
22 6 640 653
22 5 654 668
23 3 661 664
23 4 665 682
23 6 669 678
23 5 679 698
23 3 683 695
24 4 696 718
24 6 699 713
24 5 714 728
24 3 719 724
25 4 725 750
25 6 729 742
25 5 743 760
26 3 751 757
26 4 758 779
26 6 761 764
26 5 765 766
26 6 766 773
26 5 774 788
26 3 780 783
27 4 784 806
27 6 789 801
27 5 802 818
27 3 807 815
28 4 816 830
28 6 819 826
28 5 827 848
28 3 831 845
29 4 846 866
29 6 849 864
29 5 865 878
29 3 867 873
29 7 869 870
29 8 870 993
30 4 874 898
30 6 879 893
30 5 894 907
30 3 899 904
31 4 905 930
31 6 908 922
31 5 923 938
32 3 931 935
32 4 936 958
32 6 939 952
32 5 953 970
32 3 959 965
33 4 966 986
33 6 971 981
33 5 982 999
33 3 987 996
34 7 994 995
34 8 995 1173
34 4 997 1003
34 6 1000 1009
34 3 1004 1005
34 4 1005 1006
34 3 1006 1007
34 4 1007 1015
34 5 1010 1026
34 3 1016 1024
35 4 1025 1039
35 6 1027 1036
35 5 1037 1059
35 3 1040 1055
38 3 1111 1115
38 4 1116 1120
38 6 1119 1132
38 3 1121 1122
38 4 1122 1136
38 5 1133 1136
38 3 1137 1147
38 6 1137 1138
38 5 1138 1150
39 4 1148 1167
39 6 1151 1162
39 5 1163 1177
39 3 1168 1174
41 4 1206 1217
41 6 1211 1212
41 5 1213 1240
41 3 1218 1221
41 4 1222 1226
41 3 1227 1236
42 4 1237 1245
42 6 1241 1243
42 5 1244 1267
42 3 1246 1264
45 4 1326 1332
45 6 1329 1334
45 3 1333 1334
45 4 1335 1336
45 5 1335 1361
45 3 1336 1342
45 4 1343 1344
45 3 1344 1356
46 4 1357 1367
46 6 1362 1365
46 5 1366 1389
46 3 1368 1373
46 4 1374 1375
46 3 1375 1384
47 4 1385 1396
47 6 1390 1393
47 5 1394 1419
47 3 1397 1401
47 4 1402 1404
47 3 1405 1415
50 4 1476 1490
50 6 1479 1483
50 5 1484 1507
50 3 1491 1506
51 4 1507 1508
51 3 1508 1509
51 6 1508 1513
51 4 1509 1524
51 5 1514 1551
51 3 1525 1535
54 4 1596 1616
54 6 1600 1604
54 5 1605 1663
54 3 1617 1626
55 4 1627 1639
55 3 1640 1659
56 4 1660 1669
56 6 1664 1667
56 5 1668 1717
56 3 1670 1675
56 4 1676 1677
56 3 1677 1678
56 4 1678 1679
56 3 1679 1685
58 4 1714 1718
58 6 1718 1722
58 3 1719 1721
58 4 1722 1724
58 5 1723 1751
58 3 1725 1730
58 4 1731 1732
58 3 1733 1747
59 4 1748 1757
59 6 1752 1756
59 5 1757 1779
59 3 1758 1762
59 4 1763 1765
59 3 1766 1775
62 4 1835 1856
62 3 1857 1863
65 4 1925 1950
67 4 1983 2006
67 3 2007 2013
68 4 2014 2036
68 3 2037 2043
69 4 2044 2065
69 3 2066 2075
70 4 2076 2097
70 3 2098 2107
71 4 2108 2115
71 3 2116 2117
71 6 2116 2117
71 4 2117 2128
71 5 2117 2318
71 3 2129 2134
72 4 2135 2155
72 3 2156 2161
73 4 2162 2188
73 3 2189 2194
81 7 2404 2405
81 4 2405 2426
81 8 2405 2822
81 6 2411 2422
81 5 2423 2439
81 3 2427 2436
82 4 2437 2455
82 6 2440 2451
82 5 2452 2473
82 3 2456 2465
83 4 2466 2474
83 6 2474 2483
83 3 2475 2476
83 4 2476 2477
83 3 2477 2481
83 4 2482 2490
83 5 2484 2499
84 3 2491 2496
84 4 2497 2515
84 6 2500 2510
84 5 2511 2531
84 3 2516 2526
87 4 2588 2604
87 6 2592 2601
87 5 2602 2621
87 3 2605 2615
90 4 2676 2696
90 6 2682 2690
90 5 2691 2709
90 3 2697 2705
93 4 2769 2790
93 6 2774 2783
93 5 2784 2798
94 3 2791 2795
94 4 2796 2814
94 6 2799 2810
94 5 2811 2836
94 3 2815 2833
95 7 2823 2824
95 8 2824 3960
95 4 2834 2844
95 6 2837 2840
95 5 2841 2860
95 3 2845 2856
97 4 2889 2908
97 6 2897 2901
97 5 2902 2922
97 3 2909 2914
98 4 2915 2936
98 6 2923 2928
98 5 2929 2951
98 3 2937 2946
99 4 2947 2968
99 6 2952 2962
99 5 2963 2980
99 3 2969 2974
100 4 2975 2983
100 6 2981 2991
100 3 2984 2985
100 4 2986 2987
100 3 2987 2988
100 4 2988 3000
100 5 2992 3012
119 3 3541 3546
119 4 3547 3568
119 6 3551 3560
119 5 3561 5410
119 3 3569 3575
121 4 3604 3628
121 3 3629 3634
122 4 3635 3658
122 3 3659 3665
123 4 3666 3683
123 3 3684 3694
126 4 3756 3775
126 3 3776 3777
126 4 3777 3778
126 3 3778 3783
127 4 3784 3805
127 3 3806 3815
130 4 3874 3897
130 3 3898 3904
131 4 3905 3927
131 3 3928 3933
132 4 3934 3957
132 3 3958 3965
133 7 3961 3962
133 8 3962 4987
133 4 3966 3990
134 3 3991 3993
134 4 3994 4015
134 3 4016 4029
135 4 4030 4048
135 3 4049 4055
138 4 4116 4133
138 3 4134 4144
139 4 4145 4167
139 3 4168 4173
146 4 4356 4373
146 3 4374 4384
147 4 4385 4405
147 3 4406 4415
148 4 4416 4438
148 3 4439 4446
149 4 4447 4465
149 3 4466 4477
150 4 4478 4498
150 3 4499 4506
151 4 4507 4529
151 3 4530 4536
152 4 4537 4558
152 3 4559 4565
153 4 4566 4589
153 3 4590 4595
156 4 4656 4676
156 3 4677 4685
157 4 4686 4707
157 3 4708 4715
158 4 4716 4732
158 3 4733 4744
159 4 4745 4766
159 3 4767 4775
160 4 4776 4794
160 3 4795 4805
161 4 4806 4824
161 3 4825 4834
162 4 4835 4852
162 3 4853 4865
163 4 4866 4887
163 3 4888 4895
164 4 4896 4919
164 3 4920 4927
166 4 4955 4973
166 3 4974 4976
166 4 4977 4978
166 3 4979 4985
167 4 4986 4987
167 3 4988 4989
167 7 4988 4989
167 4 4989 5005
167 8 4989 6000
167 3 5006 5014
168 4 5015 5030
168 3 5031 5035
168 4 5036 5037
168 3 5038 5046
169 4 5047 5056
169 3 5057 5058
169 4 5059 5063
169 3 5064 5076
170 4 5077 5087
170 3 5088 5109
171 4 5110 5116
171 3 5117 5121
171 4 5122 5124
171 3 5125 5127
171 4 5128 5129
171 3 5130 5142
172 4 5143 5149
172 3 5150 5151
172 4 5151 5160
173 3 5161 5166
173 4 5167 5176
173 3 5177 5178
173 4 5178 5188
173 3 5189 5194
174 4 5195 5217
174 3 5218 5224
177 4 5285 5306
177 3 5307 5316
180 4 5379 5385
180 3 5386 5389
180 4 5390 5396
180 3 5397 5407
182 4 5441 5457
182 3 5458 5464
183 4 5465 5474
183 6 5468 5470
183 5 5471 5499
183 3 5475 5476
183 4 5477 5483
183 3 5484 5496
185 4 5526 5550
185 6 5530 5532
185 5 5533 5559
186 3 5551 5556
186 4 5557 5565
186 6 5560 5561
186 5 5561 5593
186 3 5566 5589
187 4 5590 5610
187 6 5594 5596
187 5 5597 5619
188 3 5611 5617
188 4 5618 5636
188 6 5620 5625
188 5 5626 5650
188 3 5637 5645
189 4 5646 5665
189 6 5651 5652
189 5 5653 5709
189 3 5666 5676
190 4 5677 5696
190 3 5697 5705
191 4 5706 5728
191 6 5710 5711
191 5 5712 5742
191 3 5729 5738
192 4 5739 5755
192 6 5743 5744
192 5 5744 5770
192 3 5756 5766
193 4 5767 5786
193 6 5771 5772
193 5 5773 5834
193 3 5787 5796
195 4 5833 5850
195 6 5835 5839
195 5 5840 5861
199 4 5946 5951
199 6 5949 5955
199 3 5952 5953
199 4 5953 5958
199 5 5956 5979
199 3 5959 5963
199 4 5964 5965
199 3 5966 5976
200 4 5977 5996
200 6 5980 5982
200 5 5983 6000
200 3 5997 6000
