1 3 0 12
1 8 13 21
1 5 13 49
1 7 38 49
1 2 50 57
2 1 67 84
2 2 67 84
2 7 85 98
2 6 85 99
2 5 85 138
2 1 100 148
2 4 148 178
2 6 149 159
2 7 180 189
3 3 199 208
3 8 209 221
3 5 209 233
4 2 243 256
4 1 243 258
4 7 257 271
4 5 257 303
4 6 259 271
4 1 272 312
4 6 313 323
4 4 313 347
5 1 357 370
5 2 357 370
5 6 371 386
5 7 371 386
5 5 371 416
5 1 387 425
5 6 426 435
5 4 426 462
6 1 472 485
6 2 472 485
6 6 486 498
6 7 486 500
6 5 486 534
6 1 499 541
6 6 542 554
6 4 542 581
7 5 591 618
7 8 608 618
7 3 619 625
8 4 645 679
8 6 669 679
8 1 680 711
8 5 685 724
8 7 710 724
8 6 712 724
8 1 724 726
8 2 724 726
9 3 736 745
9 8 746 757
9 5 746 768
10 1 778 783
10 3 778 783
10 8 784 795
10 6 784 796
10 5 784 806
10 1 797 806
11 3 816 824
11 8 825 834
11 5 825 847
12 1 857 871
12 5 857 882
12 8 872 882
12 6 872 883
12 3 883 887
12 1 884 887
13 3 897 908
13 8 909 920
13 5 910 946
13 7 937 946
13 2 947 955
14 4 974 1007
14 6 999 1005
14 1 1006 1056
14 5 1015 1050
14 7 1041 1050
14 2 1051 1056
15 5 1066 1092
15 8 1081 1092
15 3 1093 1103
16 3 1113 1121
16 8 1122 1134
16 5 1122 1145
17 1 1155 1166
17 5 1155 1179
17 6 1167 1179
17 8 1167 1179
17 1 1180 1186
17 3 1180 1186
18 2 1196 1203
18 5 1203 1236
18 7 1204 1208
18 8 1225 1235
18 3 1236 1243
19 3 1253 1265
19 8 1266 1276
19 5 1266 1286
20 1 1296 1304
20 3 1296 1306
20 6 1305 1316
20 5 1305 1325
20 8 1307 1316
20 1 1317 1325
21 3 1335 1344
21 8 1345 1356
21 5 1345 1387
21 7 1377 1387
21 2 1388 1394
22 1 1404 1414
22 2 1404 1414
22 6 1415 1427
22 7 1415 1427
22 5 1415 1466
22 1 1428 1471
22 6 1472 1482
22 4 1472 1507
23 4 1528 1558
23 6 1548 1558
23 1 1559 1590
23 5 1566 1606
23 6 1591 1608
23 7 1592 1605
23 2 1606 1610
23 1 1608 1610
24 2 1620 1625
24 5 1624 1662
24 7 1626 1634
24 8 1650 1662
24 3 1663 1666
25 1 1676 1690
25 5 1676 1700
25 8 1691 1699
25 6 1691 1700
25 3 1700 1707
25 1 1701 1707
26 2 1717 1723
26 5 1723 1760
26 7 1724 1732
26 8 1749 1760
26 3 1761 1765
27 3 1775 1781
27 8 1782 1793
27 5 1783 1801
28 3 1811 1818
28 8 1819 1828
28 5 1819 1840
29 1 1850 1856
29 3 1850 1859
29 6 1857 1870
29 5 1857 1880
29 8 1860 1868
29 1 1871 1880
30 6 1890 1891
30 1 1890 1896
30 3 1890 1897
30 6 1897 1912
30 5 1897 1923
30 8 1898 1911
30 1 1913 1923
31 3 1933 1941
31 8 1942 1952
31 5 1942 1963
32 1 1973 1985
32 3 1973 1987
32 6 1986 1996
32 5 1986 2005
32 8 1988 1994
32 1 1997 2005
33 1 2015 2030
33 5 2015 2042
33 8 2030 2041
33 6 2031 2042
33 3 2042 2048
33 1 2043 2048
34 1 2058 2068
34 3 2058 2069
34 6 2069 2078
34 5 2069 2087
34 8 2070 2078
34 1 2079 2087
35 1 2097 2101
35 3 2097 2101
35 6 2102 2115
35 8 2102 2116
35 5 2102 2124
35 1 2116 2124
36 2 2134 2143
36 5 2141 2173
36 7 2144 2147
36 8 2162 2173
36 3 2174 2179
37 4 2202 2236
37 6 2224 2235
37 1 2236 2268
37 5 2243 2281
37 7 2268 2273
37 6 2269 2280
37 2 2274 2276
37 7 2277 2281
37 1 2281 2286
37 2 2282 2286
38 4 2306 2338
38 6 2328 2337
38 1 2338 2394
38 5 2345 2389
38 7 2374 2389
38 2 2390 2394
39 1 2404 2416
39 2 2404 2416
39 7 2417 2429
39 6 2417 2430
39 5 2417 2464
39 1 2431 2469
39 4 2469 2522
39 6 2470 2482
40 1 2532 2545
40 2 2532 2545
40 6 2546 2566
40 7 2546 2566
40 5 2546 2601
40 1 2567 2608
40 6 2609 2620
40 4 2609 2647
41 5 2657 2679
41 8 2670 2679
41 3 2680 2685
42 1 2695 2700
42 3 2695 2700
42 8 2701 2713
42 6 2701 2714
42 5 2701 2722
42 1 2715 2722
43 1 2732 2742
43 5 2732 2756
43 6 2743 2757
43 8 2744 2756
43 3 2757 2763
43 1 2758 2763
44 2 2773 2778
44 7 2779 2787
44 5 2779 2815
44 8 2806 2815
44 3 2816 2820
45 1 2830 2839
45 3 2830 2839
45 8 2840 2850
45 6 2840 2851
45 5 2840 2860
45 1 2852 2860
46 1 2870 2883
46 5 2870 2894
46 8 2884 2892
46 6 2884 2894
46 3 2893 2901
46 1 2895 2901
47 3 2911 2917
47 8 2918 2931
47 5 2919 2943
48 3 2953 2961
48 5 2961 2984
48 8 2962 2972
49 1 2994 3002
49 2 2994 3002
49 6 3003 3016
49 7 3003 3016
49 5 3003 3050
49 1 3017 3059
49 6 3060 3073
49 4 3060 3096
50 4 3121 3150
50 6 3137 3150
50 1 3151 3183
50 5 3157 3197
50 6 3184 3196
50 7 3185 3197
50 1 3197 3201
50 2 3198 3201
51 5 3211 3236
51 8 3229 3235
51 3 3236 3240
52 2 3250 3255
52 7 3256 3267
52 5 3256 3293
52 8 3282 3291
52 3 3292 3299
53 5 3309 3335
53 8 3324 3335
53 3 3336 3343
54 4 3362 3396
54 6 3383 3394
54 1 3395 3427
54 5 3404 3442
54 6 3428 3441
54 7 3428 3441
54 1 3442 3446
54 2 3442 3446
55 3 3456 3466
55 5 3465 3489
55 8 3467 3477
56 5 3499 3521
56 8 3514 3519
56 3 3520 3528
57 4 3548 3580
57 6 3569 3577
57 1 3578 3613
57 5 3588 3594
57 5 3599 3615
57 6 3614 3627
57 2 3615 3621
57 4 3616 3621
57 5 3622 3624
57 7 3622 3624
57 2 3625 3629
57 1 3627 3629
58 4 3650 3682
58 6 3674 3677
58 1 3678 3679
58 6 3679 3680
58 1 3681 3735
58 5 3689 3716
58 4 3717 3723
58 2 3717 3723
58 5 3724 3730
58 7 3724 3730
58 2 3731 3735
59 4 3755 3806
59 6 3798 3805
59 1 3806 3838
59 5 3815 3851
59 6 3839 3850
59 7 3840 3851
59 1 3851 3855
59 2 3852 3855
60 4 3876 3915
60 6 3900 3915
60 1 3916 3950
60 5 3922 3968
60 6 3951 3968
60 7 3951 3957
60 2 3958 3959
60 7 3959 3960
60 2 3960 3962
60 7 3963 3968
60 1 3968 3970
60 2 3968 3970
61 4 3990 4024
61 6 4015 4025
61 1 4026 4058
61 5 4031 4075
61 7 4058 4075
61 6 4059 4075
61 1 4073 4074
61 1 4075 4076
61 2 4075 4076
62 3 4085 4095
62 8 4096 4102
62 5 4096 4134
62 7 4123 4134
62 2 4135 4140
63 5 4150 4180
63 8 4169 4173
63 3 4174 4175
63 8 4175 4179
63 3 4180 4191
64 1 4201 4214
64 2 4201 4214
64 7 4215 4228
64 6 4215 4229
64 5 4215 4263
64 1 4230 4271
64 4 4271 4306
64 6 4272 4282
65 1 4316 4328
65 2 4316 4328
65 6 4329 4345
65 7 4329 4345
65 5 4329 4379
65 1 4346 4385
65 6 4386 4399
65 4 4386 4423
66 3 4433 4440
66 5 4440 4464
66 8 4441 4449
67 4 4486 4515
67 6 4504 4515
67 1 4516 4550
67 5 4523 4563
67 7 4549 4563
67 6 4551 4562
67 1 4563 4568
67 2 4564 4568
68 3 4578 4588
68 5 4588 4607
68 8 4589 4598
69 3 4617 4625
69 8 4626 4634
69 5 4626 4664
69 7 4654 4662
69 2 4663 4671
70 3 4681 4689
70 8 4690 4701
70 5 4690 4714
71 2 4724 4733
71 7 4734 4742
71 5 4734 4768
71 8 4759 4768
71 3 4769 4775
72 3 4785 4794
72 5 4793 4831
72 8 4795 4800
72 7 4821 4831
72 2 4832 4839
73 1 4849 4856
73 3 4849 4858
73 6 4857 4870
73 5 4857 4879
73 8 4859 4870
73 1 4871 4879
74 2 4889 4894
74 7 4895 4904
74 5 4896 4933
74 8 4921 4933
74 3 4934 4937
75 5 4947 4976
75 8 4964 4976
75 3 4978 4986
76 4 5006 5037
76 6 5032 5037
76 1 5038 5070
76 5 5045 5085
76 6 5071 5085
76 7 5072 5083
76 2 5084 5087
76 1 5085 5087
76 7 5085 5086
77 1 5097 5103
77 3 5097 5103
77 8 5104 5107
77 6 5104 5117
77 5 5104 5127
77 3 5108 5114
77 1 5118 5127
78 4 5146 5174
78 6 5163 5174
78 1 5175 5203
78 5 5181 5220
78 6 5204 5219
78 7 5204 5221
78 1 5220 5225
78 2 5222 5225
79 1 5235 5249
79 2 5235 5249
79 6 5250 5262
79 7 5250 5262
79 5 5250 5302
79 1 5263 5309
79 6 5310 5325
79 4 5310 5351
80 3 5361 5368
80 8 5369 5377
80 5 5369 5390
81 4 5410 5443
81 6 5431 5443
81 1 5444 5484
81 5 5453 5494
81 7 5482 5494
81 6 5485 5494
81 1 5495 5499
81 2 5495 5499
82 3 5509 5518
82 8 5519 5529
82 5 5519 5558
82 7 5548 5558
82 2 5559 5567
83 4 5587 5618
83 6 5609 5618
83 1 5619 5651
83 5 5626 5666
83 6 5652 5654
83 7 5652 5666
83 1 5655 5659
83 6 5660 5666
83 1 5667 5671
83 2 5667 5671
84 3 5681 5691
84 8 5692 5702
84 5 5692 5733
84 7 5723 5733
84 2 5734 5742
85 1 5752 5764
85 5 5752 5776
85 6 5765 5775
85 8 5766 5775
85 1 5776 5782
85 3 5776 5782
86 1 5792 5807
86 2 5792 5807
86 7 5808 5818
86 6 5808 5820
86 5 5808 5852
86 1 5821 5861
86 6 5862 5871
86 4 5862 5886
86 7 5889 5896
87 5 5906 5927
87 8 5920 5927
87 3 5928 5935
88 3 5945 5954
88 5 5954 5977
88 8 5955 5965
89 5 5987 6016
89 8 6005 6015
89 3 6016 6026
90 1 6036 6044
90 3 6036 6044
90 6 6045 6056
90 8 6045 6056
90 5 6045 6067
90 1 6057 6067
91 2 6077 6086
91 7 6087 6094
91 5 6087 6121
91 8 6109 6121
91 3 6122 6129
92 1 6139 6151
92 5 6139 6164
92 6 6152 6163
92 8 6152 6163
92 1 6164 6171
92 3 6164 6171
93 3 6181 6192
93 5 6191 6234
93 8 6193 6200
93 7 6222 6234
93 2 6235 6244
94 5 6254 6279
94 8 6269 6279
94 3 6280 6287
95 1 6297 6311
95 2 6297 6311
95 7 6312 6328
95 6 6312 6329
95 5 6312 6365
95 1 6330 6373
95 6 6374 6390
95 4 6374 6410
96 1 6420 6426
96 2 6420 6426
96 6 6427 6441
96 7 6427 6441
96 5 6427 6478
96 1 6442 6488
96 6 6489 6500
96 4 6489 6526
97 3 6536 6545
97 8 6546 6559
97 5 6546 6568
98 1 6578 6593
98 2 6578 6593
98 7 6594 6605
98 6 6594 6608
98 5 6594 6641
98 1 6609 6645
98 6 6646 6657
98 4 6646 6680
99 4 6701 6734
99 6 6723 6733
99 1 6734 6767
99 5 6740 6779
99 6 6768 6779
99 7 6770 6779
99 1 6780 6783
99 2 6780 6783
100 1 6793 6801
100 3 6793 6801
100 6 6802 6816
100 8 6802 6816
100 5 6802 6826
100 1 6817 6826
101 5 6836 6864
101 8 6852 6864
101 3 6865 6875
102 2 6885 6899
102 1 6885 6901
102 7 6900 6913
102 5 6900 6951
102 6 6902 6914
102 1 6915 6962
102 4 6962 7001
102 6 6963 6975
103 2 7011 7027
103 1 7011 7028
103 5 7027 7078
103 7 7028 7041
103 6 7029 7040
103 1 7041 7088
103 4 7086 7122
103 6 7089 7096
104 4 7143 7175
104 6 7164 7176
104 1 7177 7205
104 5 7183 7223
104 6 7206 7217
104 7 7207 7223
104 1 7218 7219
104 6 7220 7221
104 1 7221 7228
104 2 7224 7228
105 1 7238 7244
105 3 7238 7244
105 6 7245 7255
105 8 7245 7255
105 5 7245 7266
105 1 7256 7266
106 1 7276 7287
106 5 7276 7299
106 8 7288 7296
106 6 7288 7299
106 3 7297 7306
106 1 7300 7306
107 1 7316 7329
107 5 7316 7342
107 6 7330 7342
107 8 7331 7342
107 1 7343 7347
107 3 7343 7347
108 1 7357 7370
108 5 7357 7384
108 8 7371 7384
108 6 7371 7385
108 3 7385 7392
108 1 7386 7392
109 5 7402 7427
109 8 7417 7427
109 3 7428 7437
110 1 7447 7461
110 2 7447 7461
110 6 7462 7479
110 7 7462 7479
110 5 7462 7513
110 1 7480 7521
110 6 7522 7536
110 4 7522 7560
111 1 7570 7584
111 5 7570 7596
111 6 7585 7596
111 8 7586 7597
111 1 7597 7605
111 3 7598 7605
112 5 7615 7639
112 8 7630 7639
112 3 7640 7647
113 2 7657 7662
113 7 7663 7675
113 5 7663 7701
113 8 7688 7697
113 3 7698 7707
114 1 7717 7730
114 5 7717 7743
114 6 7731 7743
114 8 7731 7743
114 1 7744 7750
114 3 7744 7750
115 3 7760 7768
115 8 7769 7777
115 5 7769 7807
115 7 7798 7807
115 2 7808 7815
116 4 7836 7872
116 6 7862 7872
116 1 7873 7911
116 5 7881 7925
116 6 7912 7921
116 7 7912 7921
116 1 7922 7925
116 2 7922 7925
116 6 7925 7926
116 7 7925 7926
117 3 7935 7944
117 5 7943 7967
117 8 7945 7956
118 4 7987 8019
118 6 8009 8019
118 1 8020 8048
118 5 8026 8062
118 6 8049 8063
118 7 8049 8063
118 1 8064 8067
118 2 8064 8067
119 3 8077 8087
119 1 8077 8088
119 8 8088 8098
119 5 8088 8108
119 6 8089 8099
119 1 8100 8108
120 1 8118 8125
120 3 8118 8125
120 6 8126 8138
120 8 8126 8138
120 5 8126 8148
120 1 8139 8148
121 5 8158 8183
121 8 8174 8183
121 3 8184 8191
122 1 8201 8211
122 5 8201 8224
122 8 8212 8223
122 6 8212 8224
122 3 8224 8233
122 1 8225 8233
123 4 8252 8282
123 6 8272 8281
123 1 8282 8316
123 5 8289 8316
123 4 8317 8321
123 6 8317 8326
123 2 8317 8321
123 5 8322 8326
123 7 8322 8326
123 1 8327 8331
123 2 8327 8331
124 5 8341 8366
124 8 8357 8366
124 3 8367 8374
125 1 8384 8400
125 5 8384 8409
125 6 8401 8409
125 8 8401 8409
125 1 8410 8415
125 3 8410 8415
126 1 8425 8431
126 3 8425 8432
126 6 8432 8444
126 5 8432 8452
126 8 8433 8444
126 1 8445 8452
127 1 8462 8476
127 5 8462 8489
127 6 8477 8489
127 8 8477 8489
127 1 8490 8497
127 3 8490 8497
128 1 8507 8514
128 3 8507 8514
128 8 8515 8527
128 6 8515 8529
128 5 8515 8537
128 1 8530 8537
129 4 8556 8588
129 6 8579 8582
129 1 8583 8584
129 6 8585 8586
129 1 8586 8619
129 5 8595 8632
129 7 8619 8632
129 6 8620 8631
129 1 8632 8637
129 2 8633 8637
130 1 8647 8661
130 5 8647 8672
130 6 8662 8672
130 8 8663 8672
130 1 8673 8680
130 3 8673 8680
131 1 8690 8703
131 2 8690 8703
131 6 8704 8713
131 7 8704 8717
131 5 8704 8757
131 1 8714 8767
131 4 8766 8804
131 6 8768 8779
132 3 8814 8821
132 8 8822 8834
132 5 8822 8844
133 3 8854 8863
133 8 8864 8874
133 5 8864 8905
133 7 8893 8905
133 2 8906 8913
134 3 8923 8932
134 8 8933 8947
134 5 8933 8957
135 2 8967 8982
135 1 8967 8983
135 7 8983 8997
135 5 8983 9031
135 6 8984 8996
135 1 8997 9038
135 6 9039 9052
135 4 9040 9075
136 1 9085 9096
136 2 9085 9096
136 5 9096 9150
136 6 9097 9110
136 7 9097 9111
136 1 9111 9157
136 6 9158 9166
136 4 9159 9195
136 1 9167 9170
137 5 9205 9231
137 8 9221 9232
137 3 9233 9237
137 8 9237 9238
138 1 9247 9253
138 3 9247 9256
138 6 9254 9267
138 5 9254 9276
138 8 9257 9265
138 1 9268 9276
139 1 9286 9298
139 2 9286 9298
139 6 9299 9307
139 7 9299 9307
139 5 9300 9336
139 1 9308 9341
139 6 9342 9353
139 4 9342 9375
140 5 9385 9412
140 8 9401 9410
140 3 9413 9420
141 1 9430 9438
141 3 9430 9438
141 6 9439 9450
141 8 9439 9450
141 5 9439 9460
141 1 9451 9460
142 5 9470 9498
142 8 9485 9498
142 3 9499 9509
143 2 9519 9524
143 7 9525 9535
143 5 9525 9564
143 8 9553 9565
143 3 9566 9570
144 2 9580 9584
144 7 9585 9593
144 5 9585 9624
144 8 9610 9625
144 3 9626 9630
145 3 9640 9650
145 5 9649 9684
145 8 9651 9659
145 7 9676 9684
145 2 9685 9693
146 4 9713 9750
146 6 9740 9746
146 1 9747 9784
146 5 9758 9798
146 6 9785 9793
146 7 9785 9798
146 1 9794 9802
146 2 9799 9802
147 2 9812 9820
147 7 9821 9830
147 5 9822 9856
147 8 9846 9849
147 3 9850 9851
147 8 9851 9852
147 3 9852 9862
148 3 9872 9882
148 8 9883 9892
148 5 9883 9926
148 7 9915 9926
148 2 9927 9932
149 5 9942 9967
149 8 9956 9967
149 3 9968 9974
150 1 9984 9989
150 3 9984 9989
150 6 9990 10002
150 8 9990 10002
150 5 9991 10009
150 1 10003 10009
151 3 10019 10025
151 8 10026 10037
151 5 10026 10047
152 5 10057 10084
152 8 10071 10085
152 3 10086 10093
153 2 10103 10115
153 1 10103 10116
153 7 10116 10130
153 5 10116 10165
153 6 10117 10129
153 1 10130 10169
153 6 10170 10184
153 4 10170 10214
154 4 10235 10269
154 6 10258 10266
154 1 10267 10302
154 5 10276 10302
154 4 10302 10312
154 6 10303 10314
154 2 10303 10318
154 1 10315 10318
155 1 10328 10340
155 2 10328 10340
155 6 10341 10355
155 7 10341 10355
155 5 10341 10396
155 1 10356 10403
155 6 10404 10417
155 4 10404 10442
156 1 10452 10466
156 5 10452 10480
156 6 10467 10480
156 8 10468 10479
156 3 10480 10487
156 1 10481 10487
157 3 10497 10505
157 8 10506 10516
157 5 10506 10530
158 2 10540 10549
158 7 10550 10558
158 5 10550 10586
158 8 10576 10586
158 3 10587 10592
159 1 10602 10616
159 5 10602 10628
159 6 10617 10628
159 8 10618 10626
159 3 10627 10633
159 1 10629 10633
160 3 10643 10653
160 5 10652 10677
160 8 10654 10664
161 1 10687 10703
161 5 10687 10714
161 8 10702 10714
161 6 10704 10714
161 1 10715 10722
161 3 10715 10722
162 1 10732 10741
162 3 10732 10743
162 6 10742 10754
162 5 10742 10764
162 8 10744 10755
162 1 10755 10764
163 4 10784 10813
163 6 10804 10813
163 1 10814 10849
163 5 10820 10866
163 6 10850 10866
163 7 10850 10866
163 1 10866 10868
163 2 10866 10868
164 5 10878 10908
164 8 10897 10906
164 3 10909 10919
165 5 10929 10952
165 8 10942 10952
165 3 10953 10959
166 1 10969 10979
166 2 10969 10979
166 6 10980 10989
166 7 10980 10990
166 5 10980 11023
166 1 10990 11030
166 6 11031 11042
166 4 11031 11067
167 1 11077 11085
167 3 11077 11085
167 6 11086 11099
167 8 11086 11099
167 5 11086 11109
167 1 11100 11109
168 1 11119 11126
168 3 11119 11126
168 6 11127 11137
168 8 11127 11137
168 5 11127 11145
168 1 11138 11145
169 1 11155 11162
169 3 11155 11163
169 6 11163 11173
169 5 11163 11182
169 8 11164 11172
169 1 11174 11182
170 5 11192 11219
170 8 11208 11218
170 3 11219 11230
171 1 11240 11252
171 2 11240 11252
171 6 11253 11265
171 7 11253 11266
171 5 11253 11300
171 1 11266 11307
171 6 11308 11318
171 4 11308 11342
172 1 11352 11357
172 3 11352 11357
172 6 11358 11369
172 8 11358 11369
172 5 11358 11377
172 1 11370 11377
173 1 11387 11401
173 5 11387 11412
173 6 11402 11412
173 8 11404 11410
173 3 11411 11419
173 1 11413 11419
174 5 11429 11455
174 8 11445 11455
174 3 11456 11462
175 1 11472 11483
175 5 11472 11497
175 6 11484 11497
175 8 11484 11497
175 1 11498 11503
175 3 11498 11503
176 1 11513 11520
176 3 11513 11520
176 8 11521 11532
176 6 11521 11533
176 5 11521 11543
176 1 11534 11543
177 3 11553 11562
177 5 11562 11587
177 8 11563 11576
178 3 11597 11603
178 8 11604 11616
178 5 11605 11629
179 3 11639 11647
179 8 11648 11660
179 5 11648 11670
180 1 11680 11693
180 5 11680 11705
180 8 11694 11704
180 6 11694 11707
180 3 11705 11711
180 1 11708 11711
181 3 11721 11731
181 5 11730 11752
181 8 11732 11733
181 3 11734 11735
181 8 11736 11741
182 1 11762 11767
182 3 11762 11770
182 6 11768 11780
182 5 11768 11790
182 8 11771 11778
182 1 11781 11790
183 1 11800 11812
183 5 11800 11821
183 8 11813 11819
183 6 11813 11820
183 3 11820 11828
183 1 11821 11828
184 4 11848 11882
184 6 11872 11882
184 1 11883 11914
184 5 11888 11927
184 7 11913 11927
184 6 11915 11927
184 1 11927 11929
184 2 11927 11929
185 5 11939 11960
185 8 11951 11961
185 3 11962 11969
186 1 11979 11994
186 5 11979 12006
186 6 11995 12005
186 8 11995 12005
186 1 12006 12012
186 3 12006 12012
187 4 12034 12065
187 6 12056 12065
187 1 12066 12100
187 5 12072 12114
187 6 12101 12106
187 7 12101 12114
187 1 12107 12108
187 6 12109 12115
187 2 12115 12119
187 1 12116 12119
188 1 12129 12140
188 2 12129 12140
188 5 12140 12187
188 6 12141 12153
188 7 12141 12153
188 1 12154 12192
188 4 12192 12227
188 6 12193 12203
189 3 12237 12246
189 5 12245 12272
189 8 12247 12259
190 3 12282 12289
190 8 12290 12303
190 5 12291 12315
191 1 12325 12336
191 5 12325 12350
191 6 12337 12350
191 8 12337 12350
191 1 12351 12359
191 3 12351 12359
192 3 12369 12378
192 5 12378 12399
192 8 12379 12387
193 5 12409 12431
193 8 12421 12430
193 3 12431 12437
194 4 12459 12485
194 6 12477 12485
194 1 12486 12518
194 5 12492 12531
194 6 12519 12531
194 7 12519 12531
194 1 12532 12536
194 2 12532 12536
195 2 12546 12555
195 5 12555 12595
195 7 12556 12565
195 8 12584 12595
195 3 12596 12601
196 5 12611 12638
196 8 12627 12638
196 3 12639 12644
197 5 12654 12680
197 8 12670 12680
197 3 12681 12687
198 1 12697 12711
198 5 12697 12723
198 6 12712 12724
198 8 12713 12723
198 3 12724 12730
198 1 12725 12730
199 1 12740 12755
199 5 12740 12766
199 6 12756 12765
199 8 12756 12766
199 1 12766 12773
199 3 12767 12773
200 1 12783 12795
200 2 12783 12795
200 6 12796 12810
200 7 12796 12810
200 5 12796 12848
200 1 12811 12855
200 6 12856 12868
200 4 12856 12898
201 4 12917 12949
201 6 12939 12949
201 1 12950 12991
201 5 12958 12999
201 7 12985 12999
201 6 12992 12999
201 1 13000 13004
201 2 13000 13004
202 1 13014 13021
202 3 13014 13024
202 6 13022 13037
202 5 13022 13046
202 8 13025 13035
202 1 13038 13046
203 2 13056 13067
203 1 13056 13068
203 7 13068 13081
203 5 13068 13112
203 6 13069 13080
203 1 13081 13118
203 6 13119 13132
203 4 13119 13151
204 3 13161 13169
204 8 13170 13177
204 5 13170 13209
204 7 13198 13209
204 2 13210 13218
205 6 13228 13229
205 1 13228 13240
205 5 13228 13249
205 6 13241 13249
205 8 13242 13249
205 1 13250 13255
205 3 13250 13255
206 1 13265 13278
206 5 13265 13289
206 6 13279 13289
206 8 13279 13289
206 1 13290 13296
206 3 13290 13296
207 5 13306 13331
207 8 13321 13331
207 3 13332 13339
208 1 13349 13352
208 3 13349 13353
208 6 13353 13365
208 8 13354 13364
208 5 13354 13376
208 1 13366 13376
209 3 13386 13395
209 8 13396 13404
209 5 13396 13433
209 7 13422 13426
209 2 13427 13441
210 1 13451 13459
210 2 13451 13459
210 6 13460 13476
210 7 13460 13476
210 5 13460 13513
210 1 13477 13523
210 6 13524 13537
210 4 13524 13563
