1 13 1 41
1 14 1 41
1 17 1 41
1 20 1 41
1 86 1 45
1 77 1 41
1 101 1 41
1 74 1 41
1 71 1 40
1 66 1 40
1 59 1 40
1 91 1 32
1 88 1 12
1 50 1 11
1 96 1 38
1 51 1 93
1 60 1 93
1 83 1 93
1 95 1 171
1 53 1 301
1 65 1 304
1 80 1 391
1 4 1 697
1 45 1 708
1 30 1 709
1 33 1 709
1 36 1 709
1 8 1 727
1 24 1 846
1 26 1 854
1 55 1 860
1 41 1 1042
1 43 1 1042
1 39 1 6923
1 3 1 9150
1 49 12 30
1 89 19 29
1 48 31 41
1 89 33 37
1 90 33 120
1 98 39 106
1 57 41 93
1 69 41 93
1 68 41 108
17 87 698 725
17 99 698 725
17 12 698 738
17 47 698 761
17 90 698 761
17 6 698 810
17 75 698 874
17 98 698 915
17 72 701 874
17 84 701 874
17 46 709 751
17 29 710 750
17 32 710 750
17 35 710 750
17 21 721 737
17 89 726 881
17 101 726 1147
17 10 728 747
17 15 736 810
17 18 736 810
17 22 738 743
17 13 739 761
17 21 744 810
17 8 748 761
17 30 751 774
17 33 751 774
17 36 751 774
17 45 752 773
19 16 811 850
19 5 811 874
19 17 811 874
19 20 811 874
19 59 811 939
19 62 811 939
19 66 811 939
19 71 811 939
19 46 822 860
19 31 823 859
19 34 823 859
19 37 823 859
19 7 838 874
19 23 847 858
19 15 851 874
19 27 855 860
19 93 858 874
19 24 859 874
19 63 859 874
19 30 860 887
19 33 860 887
19 36 860 887
19 56 861 874
19 45 861 886
19 26 861 997
20 90 875 883
20 74 875 884
20 77 875 884
20 19 875 887
20 10 875 899
20 13 875 899
20 14 875 901
20 21 875 926
20 23 875 939
20 47 875 939
20 81 875 939
20 86 875 939
20 55 875 1032
20 95 875 1054
20 6 875 1068
20 65 875 1302
20 88 882 887
20 73 885 890
20 46 887 924
20 89 888 903
20 31 888 923
20 34 888 923
20 37 888 923
20 18 888 1003
20 75 889 901
20 92 893 899
20 74 897 939
20 9 900 939
20 90 901 939
20 15 902 939
20 11 903 939
20 88 904 908
20 77 905 916
20 96 916 975
20 89 918 930
20 30 924 952
20 33 924 952
20 36 924 952
20 45 925 951
20 75 926 931
20 20 927 939
20 88 931 935
20 77 934 938
23 22 1069 1092
23 13 1069 1130
23 4 1069 1147
23 9 1069 1147
23 15 1069 1147
23 50 1069 1147
23 19 1069 1178
23 72 1069 1208
23 84 1069 1208
23 75 1069 1421
23 25 1081 1122
23 31 1081 1132
23 34 1081 1132
23 37 1081 1132
23 46 1081 1132
23 21 1093 1147
23 52 1103 1147
23 93 1109 1147
23 54 1111 1147
23 24 1123 1130
23 25 1131 1136
23 12 1131 1231
23 45 1133 1159
23 30 1133 1160
23 33 1133 1160
23 36 1133 1160
23 24 1137 1270
24 28 1148 1172
24 16 1148 1173
24 8 1148 1177
24 6 1148 1206
24 22 1148 1206
24 47 1148 1206
24 59 1148 1232
24 62 1148 1232
24 71 1148 1232
24 87 1148 1270
24 90 1148 1270
24 99 1148 1270
24 51 1148 1289
24 53 1148 1292
24 95 1148 1345
24 46 1160 1197
24 31 1161 1196
24 34 1161 1196
24 37 1161 1196
24 67 1168 1177
24 26 1173 1985
24 15 1174 1275
24 7 1178 1206
24 68 1178 1206
24 18 1179 1270
24 30 1197 1219
24 33 1197 1219
24 36 1197 1219
24 45 1198 1218
25 67 1207 1229
25 21 1207 1252
25 8 1207 1257
25 48 1207 1270
25 4 1207 1445
25 74 1209 1214
25 86 1209 1214
25 74 1219 1224
25 86 1219 1225
25 46 1219 1260
25 31 1220 1259
25 34 1220 1259
25 37 1220 1259
25 11 1232 1248
25 57 1233 1270
25 60 1233 1270
25 69 1233 1270
25 68 1233 1285
25 86 1234 1239
25 72 1240 1421
25 84 1240 1421
25 12 1249 1340
25 20 1253 1288
25 7 1260 1270
25 30 1260 1282
25 33 1260 1282
25 36 1260 1282
25 45 1261 1281
29 16 1446 1462
29 12 1446 1501
29 59 1446 1501
29 62 1446 1501
29 71 1446 1501
29 75 1446 1560
29 6 1446 1625
29 47 1446 1625
29 51 1446 1646
29 53 1446 1649
29 88 1447 1451
29 81 1447 1455
29 83 1456 1560
29 73 1458 1463
29 31 1458 1479
29 34 1458 1479
29 37 1458 1479
29 46 1458 1480
29 96 1459 1464
29 66 1463 1470
29 14 1463 1501
29 84 1464 1501
29 72 1464 1506
29 98 1465 1488
29 87 1465 1490
29 99 1465 1490
29 63 1473 1501
29 68 1475 1479
29 56 1479 1501
29 66 1480 1501
29 30 1480 1513
29 33 1480 1513
29 36 1480 1513
29 45 1481 1512
29 96 1489 1560
29 101 1491 1625
32 25 1626 1638
32 67 1626 1641
32 10 1626 1654
32 21 1626 1661
32 62 1626 1663
32 72 1626 1667
32 84 1626 1667
32 75 1626 1668
32 87 1626 1688
32 90 1626 1688
32 99 1626 1688
32 4 1626 1743
32 50 1626 1743
32 83 1626 1744
32 98 1626 1786
32 41 1626 2773
32 43 1626 5109
32 31 1639 1673
32 37 1639 1673
32 34 1639 1674
32 46 1639 1676
32 24 1639 1925
32 66 1642 1667
32 52 1647 1688
32 63 1649 1663
32 54 1650 1688
32 9 1655 1660
32 13 1658 1665
32 20 1662 1672
32 65 1664 1722
32 60 1665 1688
32 12 1666 1764
32 9 1667 1671
32 86 1668 1688
32 68 1668 1716
32 74 1669 1683
32 8 1672 1760
32 21 1673 1715
32 30 1674 1700
32 36 1674 1700
32 15 1674 1702
32 33 1675 1700
32 75 1676 1944
32 45 1677 1699
32 73 1684 1688
34 22 1744 1752
34 65 1744 1766
34 92 1744 1767
34 86 1744 1768
34 55 1744 1776
34 47 1744 1801
34 68 1744 1801
34 6 1744 2113
34 51 1744 2391
34 53 1744 2394
34 81 1745 1768
34 20 1753 1801
34 73 1754 1760
34 46 1755 1780
34 31 1757 1778
34 34 1757 1778
34 37 1757 1778
34 73 1763 1768
34 10 1763 1768
34 11 1765 1801
34 63 1767 1801
34 8 1769 1780
34 84 1769 1927
34 72 1769 1930
34 83 1769 1946
34 88 1770 1775
34 90 1770 1855
34 87 1776 1855
34 99 1776 1855
34 56 1777 1801
34 30 1779 1813
34 33 1779 1813
34 36 1779 1813
34 45 1781 1813
34 10 1783 1801
34 98 1791 1855
40 66 2114 2131
40 59 2114 2135
40 62 2114 2135
40 71 2114 2135
40 12 2114 2159
40 5 2114 2177
40 48 2114 2177
40 87 2114 2358
40 99 2114 2358
40 46 2126 2166
40 31 2127 2165
40 37 2127 2165
40 34 2127 2166
40 7 2135 2156
40 68 2135 2563
40 57 2136 2177
40 60 2136 2177
40 69 2136 2177
40 14 2140 2155
40 15 2156 2177
40 8 2157 2227
40 11 2160 2200
40 30 2166 2190
40 36 2166 2190
40 45 2167 2189
40 33 2167 2191
41 59 2178 2196
41 61 2178 2196
41 71 2178 2196
41 16 2178 2227
41 22 2178 2292
41 47 2178 2292
41 6 2178 2358
41 46 2190 2219
41 31 2191 2217
41 37 2191 2217
41 34 2192 2217
41 57 2197 2227
41 60 2197 2227
41 69 2197 2227
41 13 2201 2227
41 30 2218 2239
41 36 2218 2239
41 33 2218 2240
41 45 2220 2238
44 96 2359 2373
44 15 2359 2378
44 17 2359 2381
44 12 2359 2404
44 4 2359 2418
44 50 2359 2418
44 57 2359 2498
44 60 2359 2498
44 69 2359 2498
44 92 2359 2498
44 89 2359 2533
44 101 2359 2533
44 65 2359 2581
44 46 2370 2408
44 34 2372 2406
44 37 2372 2406
44 31 2372 2407
44 21 2373 2530
44 97 2374 2395
44 16 2379 2418
44 19 2382 2449
44 73 2384 2391
44 86 2384 2391
44 52 2392 2418
44 72 2392 2423
44 84 2392 2423
44 93 2394 2418
44 54 2395 2418
44 98 2396 2430
44 13 2405 2418
44 33 2407 2431
44 36 2407 2431
44 30 2408 2431
44 45 2409 2430
45 15 2419 2433
45 10 2419 2442
45 28 2419 2479
45 12 2419 2498
45 48 2419 2498
45 6 2419 2563
45 95 2419 2571
45 51 2419 2577
45 53 2419 2579
45 72 2425 2634
45 84 2425 2634
45 46 2431 2483
45 31 2432 2482
45 34 2432 2482
45 37 2432 2482
45 16 2434 2498
45 97 2440 2479
45 9 2443 2448
45 10 2449 2498
45 18 2450 2458
45 19 2459 2498
45 98 2480 2498
45 26 2480 2671
45 30 2483 2511
45 36 2483 2511
45 33 2483 2512
45 45 2484 2510
47 15 2564 2587
47 4 2564 2622
47 19 2564 2622
47 66 2564 2622
47 8 2564 2671
47 21 2564 2686
47 50 2564 2686
47 89 2564 2686
47 92 2564 2686
47 101 2564 2686
47 93 2572 2622
47 31 2576 2610
47 34 2576 2610
47 37 2576 2610
47 46 2576 2611
47 52 2578 2622
47 54 2580 2622
47 63 2582 2622
47 16 2588 2622
47 30 2611 2634
47 33 2611 2634
47 36 2611 2634
47 45 2612 2633
48 5 2623 2686
48 15 2623 2686
48 18 2623 2686
48 57 2623 2686
48 60 2623 2686
48 69 2623 2686
48 95 2623 2974
48 51 2623 3025
48 53 2623 3028
48 65 2623 3088
48 68 2623 3323
48 25 2630 2635
48 46 2634 2677
48 73 2635 2643
48 86 2635 2650
48 29 2635 2676
48 32 2635 2676
48 35 2635 2676
48 24 2636 2652
48 72 2651 2761
48 84 2651 2761
48 23 2653 2660
48 24 2661 2674
48 28 2672 2711
48 10 2674 2686
48 13 2674 2686
48 23 2675 2686
48 33 2677 2698
48 36 2677 2698
48 30 2677 2699
48 45 2678 2698
49 19 2687 2698
49 22 2687 2698
49 59 2687 2710
49 62 2687 2710
49 71 2687 2710
49 8 2687 2711
49 16 2687 2721
49 6 2687 2735
49 24 2687 2735
49 47 2687 2735
49 12 2687 2795
49 87 2687 2844
49 90 2687 2844
49 99 2687 2844
49 18 2699 2704
49 21 2699 2704
49 34 2699 2726
49 37 2699 2726
49 46 2699 2727
49 31 2700 2726
49 19 2705 2721
49 22 2705 2735
49 57 2711 3065
49 60 2711 3065
49 69 2711 3065
49 7 2712 2735
49 26 2712 2844
49 18 2722 2830
49 15 2722 2775
49 30 2727 2748
49 33 2727 2748
49 36 2727 2748
49 45 2728 2747
50 25 2736 2749
50 5 2736 2795
50 21 2736 2795
50 50 2736 2795
50 8 2736 2872
50 46 2748 2763
50 29 2749 2763
50 32 2749 2763
50 35 2749 2763
50 24 2750 2754
50 25 2755 2760
50 24 2761 2932
50 74 2762 2767
50 86 2762 2767
50 45 2764 2807
50 30 2764 2808
50 33 2764 2808
50 36 2764 2808
50 84 2768 2853
50 72 2768 2855
50 42 2774 2795
50 16 2776 2811
51 22 2796 2807
51 13 2796 2814
51 47 2796 2844
51 6 2796 2997
51 41 2796 5048
51 46 2808 2834
51 21 2808 2838
51 29 2809 2833
51 32 2809 2833
51 35 2809 2833
51 15 2812 2828
51 12 2815 2828
51 13 2829 2844
51 16 2829 2844
51 19 2831 2844
51 30 2834 2857
51 33 2834 2857
51 36 2834 2857
51 45 2835 2856
51 22 2839 2844
55 4 2998 3019
55 13 2998 3019
55 97 2998 3020
55 8 2998 3025
55 27 2998 3028
55 16 2998 3050
55 22 2998 3065
55 25 2998 3078
55 86 3006 3013
55 74 3007 3011
55 83 3010 3505
55 86 3018 3029
55 46 3018 3056
55 31 3019 3055
55 34 3019 3055
55 37 3019 3055
55 12 3020 3025
55 6 3020 3056
55 98 3021 3129
55 13 3026 3065
55 7 3026 3048
55 52 3026 3065
55 54 3029 3065
55 93 3029 3065
55 26 3029 3327
55 72 3030 3166
55 84 3030 3166
55 8 3049 3065
55 15 3051 3113
55 30 3056 3078
55 33 3056 3078
55 36 3056 3078
55 4 3057 3065
55 45 3057 3077
56 9 3066 3094
56 59 3066 3094
56 62 3066 3094
56 71 3066 3094
56 5 3066 3129
56 18 3066 3129
56 21 3066 3129
56 48 3066 3129
56 87 3066 3129
56 90 3066 3129
56 99 3066 3129
56 95 3066 3145
56 51 3066 3146
56 53 3066 3148
56 12 3066 3226
56 46 3078 3115
56 31 3079 3114
56 34 3079 3114
56 37 3079 3114
56 24 3079 3371
56 63 3089 3094
56 7 3095 3129
56 57 3095 3225
56 60 3095 3225
56 69 3095 3225
56 65 3095 3385
56 14 3114 3129
56 30 3115 3142
56 33 3115 3142
56 36 3115 3142
56 45 3116 3141
57 22 3130 3146
57 15 3130 3147
57 97 3130 3147
57 92 3130 3153
57 89 3130 3163
57 4 3130 3192
57 8 3130 3192
57 17 3130 3192
57 50 3130 3192
57 101 3130 3192
57 46 3142 3176
57 31 3143 3173
57 34 3143 3173
57 37 3143 3173
57 93 3146 3151
57 21 3147 3157
57 52 3147 3192
57 16 3148 3152
57 96 3148 3192
57 54 3149 3192
57 95 3152 3510
57 14 3153 3192
57 91 3154 3161
57 20 3158 3192
57 90 3164 3169
57 74 3167 3192
57 77 3167 3192
57 86 3167 3192
57 56 3168 3175
57 92 3170 3177
57 89 3170 3185
57 30 3174 3204
57 33 3174 3204
57 36 3174 3204
57 55 3176 3521
57 45 3177 3203
57 90 3178 3225
57 89 3188 3192
58 72 3193 3201
58 84 3193 3201
58 7 3193 3221
58 18 3193 3225
58 87 3193 3225
58 98 3193 3225
58 99 3193 3225
58 5 3193 3252
58 21 3193 3252
58 48 3193 3252
58 15 3193 3302
58 51 3193 3386
58 53 3193 3388
58 75 3193 3505
58 86 3202 3210
58 46 3204 3246
58 29 3205 3245
58 32 3205 3245
58 35 3205 3245
58 86 3215 3222
58 74 3215 3220
58 8 3222 3302
58 72 3226 3230
58 84 3226 3230
58 19 3226 3236
58 59 3226 3252
58 62 3226 3252
58 71 3226 3252
58 96 3226 3253
58 101 3226 3253
58 89 3227 3252
58 92 3227 3252
58 13 3227 3275
58 86 3231 3244
58 74 3231 3235
58 18 3237 3242
58 74 3239 3244
58 19 3243 3252
58 72 3245 3504
58 84 3245 3504
58 30 3246 3264
58 33 3246 3265
58 36 3246 3265
58 45 3247 3264
59 22 3253 3274
59 18 3253 3320
59 57 3253 3323
59 69 3253 3323
59 60 3253 3324
59 6 3253 3366
59 47 3253 3366
59 90 3253 3484
59 87 3254 3484
59 99 3254 3484
59 98 3254 3524
59 31 3265 3287
59 46 3265 3287
59 34 3266 3286
59 37 3266 3286
59 21 3275 3285
59 12 3276 3286
59 22 3286 3366
59 13 3287 3298
59 33 3287 3318
59 36 3287 3318
59 45 3288 3314
59 30 3288 3318
59 12 3299 3403
61 18 3367 3405
61 5 3367 3425
61 21 3367 3425
61 50 3367 3425
61 15 3367 3507
61 26 3367 3542
61 68 3367 3542
61 25 3372 3379
61 46 3379 3414
61 31 3380 3413
61 34 3380 3413
61 37 3380 3413
61 24 3380 3651
61 63 3386 3391
61 52 3387 3425
61 9 3388 3404
61 54 3389 3425
61 60 3390 3542
61 57 3392 3416
61 65 3392 3416
61 69 3392 3416
61 11 3404 3409
61 7 3405 3425
61 17 3406 3425
61 12 3410 3544
61 30 3414 3438
61 33 3414 3438
61 36 3414 3438
61 45 3415 3437
61 63 3417 3425
61 59 3417 3425
61 71 3417 3425
62 22 3426 3456
62 6 3426 3484
62 18 3426 3484
62 47 3426 3484
62 51 3426 3507
62 53 3426 3509
62 57 3426 3542
62 69 3426 3542
62 8 3426 3566
62 65 3426 3570
62 46 3438 3472
62 29 3439 3458
62 32 3439 3458
62 35 3439 3458
62 21 3457 3484
62 30 3459 3496
62 33 3459 3496
62 36 3459 3496
62 45 3473 3495
63 22 3485 3495
63 4 3485 3542
63 89 3485 3542
63 92 3485 3542
63 101 3485 3548
63 50 3485 3594
63 17 3485 3619
63 21 3496 3504
63 46 3496 3530
63 31 3497 3526
63 34 3497 3526
63 37 3497 3526
63 74 3505 3542
63 86 3505 3542
63 20 3505 3594
63 77 3506 3542
63 81 3506 3542
63 14 3508 3513
63 52 3508 3542
63 54 3510 3542
63 93 3511 3518
63 16 3514 3519
63 95 3519 3624
63 14 3522 3594
63 56 3522 3529
63 96 3525 3542
63 30 3527 3555
63 33 3527 3555
63 36 3527 3555
63 55 3530 3573
63 45 3531 3554
64 67 3543 3557
64 98 3543 3567
64 28 3543 3594
64 59 3543 3594
64 62 3543 3594
64 71 3543 3594
64 90 3543 3594
64 72 3543 3620
64 84 3543 3620
64 6 3543 3740
64 83 3543 3782
64 75 3543 3827
64 51 3543 4160
64 53 3543 4164
64 13 3545 3552
64 87 3549 3557
64 99 3549 3557
64 12 3553 3583
64 46 3555 3575
64 34 3556 3574
64 31 3556 3575
64 37 3556 3575
64 68 3558 3568
64 87 3561 3594
64 99 3561 3594
64 7 3567 3594
64 96 3568 3573
64 66 3570 3594
64 63 3571 3594
64 98 3574 4140
64 56 3574 3594
64 33 3575 3607
64 30 3576 3606
64 36 3576 3606
64 45 3576 3606
64 13 3584 3594
67 16 3725 3752
67 12 3725 3830
67 48 3725 3852
67 57 3725 3852
67 60 3725 3852
67 69 3725 3852
67 89 3725 3852
67 92 3725 3852
67 101 3725 3852
67 31 3737 3776
67 46 3737 3776
67 34 3739 3776
67 37 3739 3776
67 4 3741 3748
67 6 3749 3797
67 15 3753 3762
67 56 3755 3772
67 9 3759 3764
67 73 3760 3764
67 86 3760 3791
67 18 3761 3766
67 16 3763 3797
67 74 3765 3769
67 10 3765 3797
67 17 3767 3774
67 55 3773 4377
67 19 3775 3797
67 45 3777 3809
67 30 3777 3810
67 33 3777 3810
67 36 3777 3810
67 81 3783 3790
67 83 3791 3822
67 72 3792 3824
67 84 3792 3824
68 8 3798 3822
68 14 3798 3827
68 5 3798 3852
68 17 3798 3852
68 20 3798 3852
68 46 3810 3837
68 31 3811 3833
68 34 3811 3833
68 37 3811 3833
68 81 3823 3830
68 7 3823 3852
68 74 3825 3852
68 86 3825 3852
68 77 3828 3852
68 11 3831 3852
68 83 3831 4343
68 78 3833 3852
68 14 3834 3852
68 30 3834 3864
68 33 3834 3864
68 36 3834 3864
68 45 3838 3863
69 19 3853 3865
69 12 3853 3872
69 21 3853 3884
69 50 3853 3905
69 59 3853 3905
69 62 3853 3905
69 66 3853 3905
69 71 3853 3905
69 87 3853 3905
69 90 3853 3905
69 99 3853 3905
69 16 3853 3955
69 6 3853 4080
69 72 3853 4343
69 84 3853 4343
69 75 3853 4365
69 80 3853 4547
69 8 3856 3864
69 46 3864 3894
69 9 3865 3869
69 31 3865 3893
69 34 3865 3893
69 37 3865 3893
69 18 3866 3871
69 10 3870 3875
69 19 3872 3955
69 13 3873 3886
69 8 3876 4020
69 11 3887 3905
69 22 3888 3955
69 30 3894 3918
69 33 3894 3918
69 36 3894 3918
69 45 3895 3917
73 12 4081 4102
73 18 4081 4107
73 26 4081 4111
73 5 4081 4140
73 48 4081 4140
73 21 4081 4184
73 57 4081 4219
73 60 4081 4219
73 69 4081 4219
73 89 4081 4219
73 92 4081 4219
73 46 4093 4133
73 31 4094 4131
73 34 4094 4131
73 37 4094 4131
73 7 4100 4108
73 13 4103 4127
73 14 4108 4140
73 17 4108 4140
73 28 4112 4119
73 8 4112 4122
73 26 4120 4452
73 7 4123 4140
73 11 4128 4140
73 30 4132 4153
73 33 4132 4153
73 36 4132 4153
73 45 4134 4152
74 25 4141 4152
74 8 4141 4157
74 15 4141 4219
74 19 4141 4219
74 50 4141 4219
74 12 4141 4254
74 4 4141 4343
74 96 4145 4219
74 46 4153 4204
74 24 4153 4284
74 31 4154 4204
74 34 4154 4204
74 37 4154 4204
74 9 4158 4162
74 52 4161 4219
74 10 4163 4168
74 93 4164 4201
74 54 4165 4219
74 8 4169 4219
74 22 4185 4233
74 95 4202 4306
74 45 4205 4231
74 30 4205 4232
74 36 4205 4232
74 33 4205 4233
77 81 4344 4350
77 86 4344 4350
77 25 4344 4355
77 12 4344 4359
77 51 4344 4365
77 53 4344 4367
77 95 4344 4368
77 6 4344 4378
77 10 4344 4379
77 57 4344 4389
77 69 4344 4389
77 14 4344 4426
77 17 4344 4452
77 72 4351 4359
77 83 4351 4359
77 84 4351 4359
77 31 4356 4386
77 34 4356 4386
77 37 4356 4386
77 46 4356 4388
77 24 4356 4665
77 20 4359 4402
77 81 4360 4399
77 86 4360 4402
77 13 4360 4402
77 74 4364 4402
77 52 4366 4402
77 77 4366 4402
77 54 4368 4402
77 93 4369 4374
77 95 4375 4600
77 56 4378 4388
77 4 4379 4452
77 8 4380 4452
77 96 4382 4402
77 30 4387 4415
77 33 4387 4415
77 36 4387 4415
77 45 4389 4414
77 55 4389 4553
77 71 4390 4471
77 59 4392 4471
77 83 4400 4452
79 13 4453 4468
79 9 4453 4469
79 28 4453 4472
79 91 4453 4472
79 19 4453 4473
79 89 4453 4481
79 74 4453 4512
79 81 4453 4512
79 86 4453 4512
79 6 4453 4516
79 15 4453 4516
79 21 4453 4516
79 47 4453 4516
79 68 4453 4516
79 51 4453 4592
79 53 4453 4598
79 77 4462 4466
79 46 4464 4505
79 31 4465 4504
79 34 4465 4504
79 37 4465 4504
79 12 4469 4485
79 8 4470 4480
79 57 4472 4516
79 60 4472 4516
79 69 4472 4516
79 90 4473 4516
79 18 4474 4516
79 28 4479 4492
79 10 4481 4488
79 87 4482 4515
79 99 4482 4515
79 98 4482 4575
79 13 4486 4516
79 26 4493 5101
79 10 4495 4516
79 75 4498 4547
79 30 4505 4529
79 33 4505 4529
79 36 4505 4529
79 45 4506 4527
79 83 4513 4543
79 72 4513 4545
79 84 4513 4545
79 101 4516 4641
80 20 4517 4531
80 12 4517 4535
80 8 4517 4537
80 59 4517 4541
80 62 4517 4541
80 66 4517 4541
80 71 4517 4541
80 5 4517 4575
80 48 4517 4575
80 89 4517 4641
80 92 4517 4641
80 17 4517 4666
80 14 4517 4669
80 46 4528 4563
80 34 4530 4555
80 37 4530 4555
80 31 4530 4557
80 21 4532 4541
80 13 4536 4545
80 7 4538 4551
80 20 4542 4641
80 57 4542 4575
80 60 4542 4575
80 68 4542 4575
80 69 4542 4575
80 81 4544 4552
80 11 4546 4563
80 86 4546 4575
80 74 4547 4575
80 77 4548 4575
80 78 4548 4575
80 83 4553 4606
80 56 4554 4561
80 33 4556 4587
80 36 4556 4587
80 30 4558 4587
80 10 4562 4575
80 55 4562 4748
80 13 4564 4575
80 45 4564 4586
81 72 4576 4596
81 84 4576 4596
81 12 4576 4597
81 75 4576 4599
81 66 4576 4601
81 80 4576 4625
81 8 4576 4641
81 50 4576 4641
81 59 4576 4641
81 62 4576 4641
81 71 4576 4641
81 96 4576 4641
81 6 4576 4827
81 46 4587 4627
81 31 4588 4625
81 34 4588 4625
81 37 4588 4625
81 52 4593 4599
81 74 4597 4641
81 86 4597 4641
81 13 4598 4641
81 54 4599 4641
81 77 4600 4632
81 51 4600 5199
81 93 4601 4641
81 67 4602 4615
81 81 4607 4625
81 68 4616 4766
81 78 4626 4641
81 30 4626 4654
81 33 4626 4654
81 36 4626 4654
81 83 4626 4701
81 45 4628 4653
81 75 4633 4705
85 19 4828 4841
85 8 4828 4870
85 5 4828 4891
85 12 4828 4891
85 15 4828 4891
85 21 4828 4891
85 48 4828 4891
85 65 4828 4985
85 55 4828 4986
85 86 4836 4919
85 74 4838 4843
85 46 4840 4878
85 34 4841 4875
85 31 4841 4876
85 37 4841 4876
85 18 4842 4847
85 19 4848 4866
85 74 4848 4860
85 74 4865 4879
85 18 4867 4913
85 7 4871 4891
85 33 4876 4904
85 30 4877 4904
85 36 4877 4904
85 45 4879 4903
86 16 4892 4897
86 74 4892 4899
86 57 4892 4909
86 60 4892 4909
86 68 4892 4909
86 69 4892 4909
86 22 4892 4910
86 8 4892 4956
86 13 4892 4956
86 96 4892 4956
86 47 4892 5009
86 6 4892 5068
86 16 4901 4908
86 46 4904 4940
86 29 4905 4939
86 32 4905 4939
86 35 4905 4939
86 73 4909 4916
86 15 4909 4956
86 66 4910 4956
86 71 4910 5009
86 21 4911 4916
86 59 4911 5009
86 62 4912 4928
86 19 4914 4922
86 23 4916 4956
86 22 4917 4927
86 72 4920 4927
86 84 4920 4927
86 18 4923 4941
86 73 4928 4932
86 21 4928 4938
86 86 4928 4932
86 61 4929 4956
86 72 4933 4940
86 84 4933 4940
86 22 4939 4956
86 33 4940 4966
86 30 4940 4967
86 36 4940 4967
86 45 4941 4966
86 19 4942 4947
86 86 4943 4977
86 18 4948 4953
86 74 4949 4977
89 20 5069 5082
89 59 5069 5091
89 62 5069 5091
89 66 5069 5091
89 71 5069 5091
89 12 5069 5092
89 41 5069 5109
89 89 5069 5124
89 92 5069 5124
89 101 5069 5124
89 17 5069 5176
89 5 5069 5182
89 14 5069 5231
89 46 5081 5113
89 31 5082 5109
89 34 5082 5109
89 37 5082 5109
89 21 5083 5091
89 7 5088 5104
89 20 5092 5139
89 57 5092 5124
89 60 5092 5124
89 69 5092 5124
89 68 5092 5182
89 73 5093 5098
89 13 5093 5100
89 81 5093 5102
89 86 5093 5124
89 76 5099 5103
89 74 5099 5124
89 11 5101 5124
89 83 5103 5356
89 56 5104 5110
89 78 5104 5113
89 77 5104 5124
89 10 5105 5124
89 27 5105 5124
89 42 5110 5124
89 44 5110 5124
89 55 5111 5161
89 97 5112 5123
89 33 5112 5137
89 36 5112 5137
89 30 5113 5137
89 45 5114 5136
89 80 5114 8477
89 98 5124 5163
91 8 5183 5196
91 66 5183 5198
91 12 5183 5202
91 20 5183 5203
91 55 5183 5212
91 4 5183 5231
91 17 5183 5231
91 50 5183 5231
91 65 5183 6222
91 98 5184 5375
91 31 5195 5215
91 46 5195 5219
91 34 5196 5215
91 37 5196 5215
91 10 5197 5213
91 52 5200 5231
91 54 5202 5231
91 68 5202 5377
91 13 5203 5231
91 21 5204 5209
91 20 5210 5231
91 56 5213 5231
91 30 5216 5243
91 33 5216 5243
91 36 5216 5243
91 10 5220 5231
91 45 5220 5242
92 8 5232 5258
92 6 5232 5290
92 47 5232 5290
92 57 5232 5290
92 60 5232 5290
92 69 5232 5290
92 15 5232 5354
92 18 5232 5354
92 51 5232 5373
92 53 5232 5378
92 21 5232 5381
92 12 5232 5461
92 55 5232 6222
92 46 5243 5269
92 29 5244 5267
92 32 5244 5267
92 35 5244 5267
92 10 5259 5290
92 30 5268 5303
92 33 5268 5303
92 36 5268 5303
92 45 5270 5302
93 8 5291 5313
93 59 5291 5314
93 62 5291 5314
93 71 5291 5314
93 5 5291 5354
93 50 5291 5420
93 46 5303 5344
93 31 5304 5343
93 34 5304 5343
93 37 5304 5343
93 25 5310 5328
93 10 5314 5322
93 57 5315 5354
93 60 5315 5354
93 69 5315 5354
93 8 5323 5344
93 24 5329 5348
93 30 5344 5366
93 33 5344 5366
93 36 5344 5366
93 9 5345 5354
93 45 5345 5366
93 25 5349 5354
94 14 5355 5376
94 4 5355 5420
94 17 5355 5420
94 8 5355 5453
94 62 5355 5484
94 24 5355 5519
94 92 5355 5523
94 59 5355 5545
94 71 5355 5549
94 89 5355 5549
94 101 5355 5549
94 81 5357 5363
94 83 5364 5734
94 31 5367 5404
94 34 5367 5404
94 37 5367 5404
94 46 5367 5405
94 93 5370 5420
94 52 5374 5420
94 96 5376 5387
94 67 5378 5388
94 54 5379 5420
94 16 5380 5388
94 20 5382 5390
94 14 5389 5420
94 68 5389 5420
94 21 5391 5398
94 98 5391 5398
94 20 5399 5420
94 97 5399 5420
94 30 5405 5432
94 33 5405 5432
94 36 5405 5432
94 45 5406 5432
95 28 5421 5445
95 19 5421 5446
95 22 5421 5454
95 16 5421 5455
95 6 5421 5525
95 66 5421 5549
95 47 5421 5598
95 98 5421 5717
95 95 5421 5981
95 51 5421 6319
95 53 5421 6321
95 34 5433 5469
95 31 5433 5470
95 37 5433 5470
95 46 5433 5471
95 27 5446 5451
95 18 5447 5469
95 26 5452 5576
95 7 5454 5484
95 21 5455 5460
95 15 5456 5484
95 22 5461 5484
95 13 5462 5504
95 19 5470 5484
95 33 5470 5497
95 30 5471 5497
95 36 5471 5497
95 45 5472 5496
96 14 5485 5503
96 20 5485 5511
96 61 5485 5536
96 8 5485 5549
96 18 5485 5583
96 46 5497 5535
96 31 5498 5534
96 34 5498 5534
96 37 5498 5534
96 15 5504 5509
96 11 5505 5549
96 16 5510 5549
96 22 5512 5569
96 23 5520 5533
96 4 5526 5549
96 92 5532 5549
96 24 5534 5630
96 30 5535 5561
96 33 5535 5561
96 36 5535 5561
96 45 5536 5561
96 60 5537 5717
96 57 5547 5717
97 7 5550 5579
97 15 5550 5584
97 6 5550 5598
97 87 5550 5598
97 90 5550 5598
97 99 5550 5598
97 12 5550 5657
97 68 5550 5717
97 69 5550 5717
97 29 5562 5587
97 32 5562 5587
97 35 5562 5587
97 46 5562 5588
97 21 5570 5583
97 27 5580 5585
97 8 5580 5598
97 19 5584 5598
97 22 5584 5657
97 16 5585 5598
97 28 5586 5610
97 30 5588 5610
97 33 5588 5610
97 36 5588 5610
97 45 5589 5609
98 7 5599 5618
98 5 5599 5657
98 50 5599 5657
98 92 5599 5657
98 15 5599 5689
98 18 5599 5689
98 89 5599 5696
98 101 5599 5696
98 46 5610 5646
98 27 5611 5615
98 31 5611 5645
98 34 5611 5645
98 37 5611 5645
98 26 5616 5937
98 9 5619 5623
98 8 5624 5676
98 23 5631 5641
98 24 5642 5816
98 30 5646 5670
98 33 5646 5670
98 36 5646 5670
98 45 5647 5669
99 13 5658 5673
99 21 5658 5697
99 90 5658 5717
99 47 5658 5963
99 6 5658 6087
99 46 5670 5706
99 31 5671 5705
99 34 5671 5705
99 37 5671 5705
99 12 5674 5717
99 10 5677 5717
99 14 5690 5717
99 17 5690 5717
99 87 5697 5716
99 99 5697 5716
99 22 5698 5705
99 21 5706 5731
99 30 5706 5729
99 33 5706 5729
99 36 5706 5729
99 45 5707 5728
99 101 5717 5842
106 28 6088 6094
106 58 6088 6101
106 10 6088 6108
106 25 6088 6120
106 5 6088 6147
106 50 6088 6147
106 92 6088 6147
106 18 6088 6196
106 75 6088 6340
106 83 6088 6531
106 73 6090 6096
106 26 6095 6196
106 74 6100 6115
106 46 6100 6119
106 29 6101 6119
106 32 6101 6119
106 35 6101 6119
106 62 6101 6147
106 59 6102 6147
106 8 6109 6215
106 16 6116 6124
106 30 6120 6158
106 45 6120 6158
106 33 6120 6159
106 36 6120 6159
106 24 6121 6139
106 15 6125 6132
106 72 6132 6252
106 84 6132 6252
106 16 6133 6196
106 25 6140 6147
107 22 6148 6159
107 4 6148 6168
107 47 6148 6196
107 57 6148 6196
107 60 6148 6196
107 69 6148 6196
107 87 6148 6196
107 90 6148 6196
107 99 6148 6196
107 13 6148 6223
107 98 6148 6244
107 24 6148 6293
107 31 6159 6182
107 46 6159 6182
107 21 6160 6167
107 34 6160 6181
107 37 6160 6181
107 22 6168 6196
107 6 6169 6293
107 33 6182 6209
107 36 6182 6209
107 30 6183 6208
107 45 6183 6208
110 67 6294 6306
110 10 6294 6313
110 25 6294 6313
110 12 6294 6335
110 62 6294 6337
110 59 6294 6340
110 71 6294 6341
110 4 6294 6356
110 50 6294 6356
110 26 6294 6471
110 46 6306 6345
110 31 6307 6342
110 37 6307 6343
110 68 6307 6356
110 34 6308 6343
110 21 6309 6420
110 24 6314 6356
110 10 6319 6324
110 52 6320 6356
110 63 6322 6337
110 54 6322 6356
110 8 6325 6329
110 10 6333 6341
110 11 6336 6343
110 65 6338 7028
110 60 6339 6356
110 86 6340 6385
110 76 6341 6345
110 74 6341 6359
110 8 6342 6356
110 57 6342 6356
110 69 6342 6356
110 30 6343 6369
110 12 6344 6485
110 33 6344 6369
110 36 6344 6369
110 77 6346 6353
110 45 6346 6368
111 25 6357 6368
111 59 6357 6381
111 62 6357 6381
111 66 6357 6381
111 71 6357 6381
111 7 6357 6387
111 48 6357 6420
111 18 6357 6478
111 5 6357 6485
111 15 6357 6504
111 75 6357 6532
111 51 6357 6737
111 53 6357 6740
111 46 6369 6406
111 31 6370 6405
111 34 6370 6405
111 37 6370 6405
111 24 6375 6385
111 74 6379 6383
111 57 6382 6420
111 60 6382 6420
111 69 6382 6420
111 68 6382 6608
111 25 6386 6391
111 72 6386 6531
111 84 6386 6531
111 8 6388 6404
111 24 6392 6396
111 25 6397 6402
111 24 6403 6446
111 10 6405 6420
111 30 6406 6433
111 33 6406 6433
111 36 6406 6433
111 45 6407 6432
113 13 6486 6499
113 18 6486 6504
113 22 6486 6509
113 98 6486 6542
113 57 6486 6544
113 60 6486 6544
113 69 6486 6544
113 8 6486 6560
113 90 6486 6608
113 47 6486 6667
113 6 6486 6716
113 26 6486 6872
113 46 6498 6535
113 31 6499 6533
113 34 6499 6533
113 37 6499 6533
113 12 6500 6521
113 14 6505 6544
113 17 6505 6562
113 21 6510 6523
113 99 6511 6542
113 87 6511 6544
113 13 6522 6557
113 22 6524 6561
113 81 6532 6543
113 86 6532 6544
113 77 6533 6542
113 74 6533 6544
113 30 6534 6556
113 33 6534 6556
113 36 6534 6556
113 45 6536 6555
113 96 6543 6562
113 101 6543 6562
113 75 6543 6609
113 83 6544 6609
117 25 6717 6725
117 9 6717 6735
117 96 6717 6755
117 4 6717 6777
117 19 6717 6777
117 50 6717 6777
117 59 6717 6777
117 62 6717 6777
117 71 6717 6777
117 89 6717 6777
117 92 6717 6777
117 101 6717 6777
117 24 6726 6826
117 31 6730 6765
117 37 6730 6765
117 46 6730 6766
117 34 6731 6765
117 8 6736 6872
117 52 6738 6777
117 93 6740 6773
117 54 6741 6777
117 14 6747 6803
117 11 6755 6763
117 97 6756 6761
117 97 6764 6768
117 13 6764 6777
117 30 6766 6789
117 33 6766 6789
117 36 6766 6789
117 45 6767 6788
117 96 6769 6777
117 95 6774 7149
118 99 6778 6800
118 87 6778 6803
118 90 6778 6822
118 98 6778 6825
118 12 6778 6826
118 17 6778 6826
118 47 6778 6826
118 22 6778 6838
118 57 6778 6872
118 60 6778 6872
118 69 6778 6872
118 6 6778 6911
118 51 6778 7028
118 53 6778 7028
118 46 6789 6812
118 29 6790 6811
118 32 6790 6811
118 35 6790 6811
118 101 6801 6905
118 15 6804 6826
118 89 6806 6895
118 30 6812 6923
118 33 6812 6923
118 36 6812 9150
118 45 6813 6923
118 92 6823 6834
121 4 6912 6932
121 18 6912 6950
121 15 6912 6953
121 12 6912 6959
121 47 6912 6981
121 57 6912 7028
121 60 6912 7028
121 69 6912 7028
121 31 6924 6963
121 38 6924 6963
121 32 6924 6964
121 46 6924 6964
121 27 6925 6943
121 21 6925 6944
121 8 6930 6948
121 6 6933 7186
121 25 6942 6955
121 26 6944 6949
121 22 6945 6964
121 9 6949 6960
121 27 6950 6963
121 19 6951 6964
121 16 6954 6992
121 24 6956 7056
121 13 6960 6981
121 8 6961 6981
121 26 6964 6999
121 30 6964 7040
121 39 6964 7040
121 18 6965 7045
121 21 6965 7045
121 45 6965 6991
121 33 6965 7042
126 16 7187 7194
126 22 7187 7199
126 9 7187 7209
126 87 7187 7211
126 90 7187 7211
126 95 7187 7211
126 98 7187 7211
126 99 7187 7211
126 24 7187 7213
126 5 7187 7215
126 26 7187 7226
126 11 7193 7198
126 15 7195 7228
126 31 7198 7235
126 32 7198 7235
126 38 7198 7235
126 46 7198 7236
126 12 7199 7231
126 21 7200 7219
126 7 7210 7215
126 96 7212 7224
126 66 7212 7225
126 59 7212 7252
126 62 7212 7252
126 63 7212 7252
126 71 7212 7252
126 89 7212 7252
126 92 7212 7252
126 93 7212 7252
126 101 7212 7252
126 23 7214 7221
126 9 7216 7232
126 4 7216 7229
126 20 7220 7227
126 24 7222 7293
126 17 7223 7230
126 98 7226 7333
126 68 7226 7396
126 27 7227 7235
126 21 7228 7252
126 14 7229 7234
126 6 7230 7285
126 18 7231 7293
126 11 7232 7252
126 8 7233 7252
126 15 7235 7285
126 86 7235 7269
126 28 7236 7252
126 30 7236 7263
126 33 7236 7263
126 39 7236 7263
126 45 7237 7263
126 73 7252 7264
127 10 7253 7264
127 22 7253 7265
127 27 7253 7267
127 81 7253 7269
127 87 7253 7284
127 99 7253 7284
127 12 7253 7294
127 57 7253 7396
127 60 7253 7396
127 69 7253 7396
127 90 7253 7401
127 65 7253 7441
127 95 7253 7442
127 34 7264 7288
127 40 7264 7288
127 29 7264 7292
127 46 7264 7294
127 9 7265 7272
127 21 7266 7293
127 72 7266 7368
127 83 7270 7362
127 84 7270 7362
127 26 7271 7278
127 8 7276 7281
127 27 7279 7309
127 9 7282 7331
127 101 7285 7310
127 4 7286 7323
127 14 7286 7327
127 56 7288 7309
127 33 7289 7321
127 39 7289 7321
127 88 7290 7301
127 30 7293 7321
127 19 7294 7309
127 20 7294 7309
127 25 7294 7323
127 45 7295 7319
127 13 7295 7325
127 88 7306 7310
128 17 7310 7325
128 22 7310 7327
128 26 7310 7391
128 55 7310 8453
128 87 7311 7333
128 99 7311 7333
128 46 7320 7339
128 31 7322 7331
128 32 7322 7331
128 38 7322 7331
128 24 7324 7335
128 6 7324 7360
128 11 7326 7331
128 15 7328 7333
128 21 7328 7339
128 18 7328 7360
128 33 7332 7372
128 39 7332 7372
128 30 7332 7374
128 8 7332 7380
128 88 7334 7342
128 96 7334 7360
128 101 7334 7360
128 13 7334 7382
128 16 7334 7384
128 25 7336 7360
128 22 7340 7372
128 45 7340 7372
128 89 7349 7357
128 87 7358 7386
129 19 7361 7373
129 98 7361 7386
129 99 7361 7386
129 24 7361 7397
129 5 7361 7426
129 81 7363 7381
129 86 7363 7421
129 74 7371 7379
129 21 7373 7403
129 32 7373 7409
129 38 7373 7409
129 46 7373 7410
129 76 7374 7379
129 18 7374 7395
129 31 7375 7409
129 75 7380 7384
129 9 7381 7426
129 83 7382 7390
129 12 7383 7491
129 74 7385 7406
129 15 7385 7398
129 96 7387 7392
129 101 7387 7408
129 81 7391 7397
129 88 7391 7395
129 77 7391 7398
129 27 7392 7425
129 98 7393 7442
129 66 7397 7409
129 59 7397 7426
129 62 7397 7426
129 71 7397 7426
129 83 7398 7511
129 75 7399 8183
129 14 7399 7404
129 23 7401 7408
129 89 7401 7408
129 18 7402 7409
129 91 7402 7406
129 20 7404 7420
129 15 7405 7539
129 90 7408 7442
129 99 7409 7442
129 25 7409 7426
129 87 7409 7442
129 67 7410 7426
129 30 7410 7437
129 33 7410 7438
129 39 7410 7438
129 17 7410 7443
129 45 7411 7437
129 21 7421 7467
129 72 7422 7436
129 84 7422 7436
129 28 7426 7439
130 4 7427 7437
130 10 7427 7438
130 57 7427 7441
130 60 7427 7441
130 68 7427 7441
130 69 7427 7441
130 24 7427 7447
130 50 7427 7491
130 73 7437 7441
130 86 7437 7442
130 31 7438 7474
130 46 7438 7475
130 6 7438 7601
130 8 7439 7458
130 32 7439 7474
130 38 7439 7474
130 27 7440 7450
130 66 7442 7453
130 59 7442 7465
130 63 7442 7465
130 71 7442 7465
130 96 7443 7456
130 62 7443 7465
130 89 7443 7469
130 92 7443 7469
130 93 7443 7469
130 101 7443 7469
130 72 7443 7511
130 84 7443 7511
130 18 7444 7459
130 25 7448 7453
130 24 7454 7464
130 26 7454 7458
130 68 7455 7935
130 98 7457 7491
130 27 7459 7469
130 9 7459 7463
130 19 7460 7465
130 25 7465 7470
130 57 7466 7491
130 60 7466 7491
130 69 7466 7491
130 18 7466 7473
130 65 7466 7922
130 8 7467 7506
130 22 7468 7473
130 26 7470 7506
130 87 7470 7491
130 99 7470 7491
130 90 7470 7746
130 95 7470 7746
130 24 7471 7529
130 19 7474 7491
130 21 7474 7535
130 30 7475 7503
130 33 7475 7503
130 39 7475 7503
130 45 7476 7502
132 21 7556 7571
132 8 7556 7576
132 26 7556 7576
132 13 7556 7578
132 19 7556 7589
132 74 7565 7570
132 86 7565 7570
132 81 7566 7570
132 29 7569 7609
132 46 7569 7609
132 34 7570 7608
132 40 7570 7609
132 84 7571 7604
132 72 7571 7607
132 83 7571 7651
132 22 7572 7591
132 9 7577 7598
132 12 7579 7643
132 27 7580 7585
132 15 7582 7626
132 26 7586 7593
132 18 7590 7626
132 21 7592 7611
132 27 7597 7610
132 8 7599 7607
132 4 7602 7626
132 86 7605 7612
132 9 7608 7652
132 33 7609 7640
132 30 7610 7637
132 39 7610 7637
132 45 7610 7637
132 28 7611 7626
132 22 7612 7626
132 84 7613 7621
132 72 7613 7621
132 86 7622 7626
132 73 7622 7626
133 25 7627 7639
133 72 7627 7642
133 84 7627 7642
133 17 7627 7643
133 14 7627 7646
133 59 7627 7651
133 62 7627 7651
133 71 7627 7651
133 26 7627 7655
133 5 7627 7676
133 21 7627 7713
133 101 7637 7649
133 31 7638 7657
133 38 7638 7657
133 46 7638 7662
133 24 7640 7656
133 32 7641 7658
133 89 7642 7649
133 11 7644 7649
133 19 7646 7690
133 15 7647 7660
133 12 7650 7660
133 87 7650 7746
133 99 7650 7746
133 81 7652 7659
133 86 7652 7659
133 57 7652 7922
133 60 7652 7922
133 69 7652 7922
133 8 7653 7690
133 23 7657 7676
133 30 7658 7688
133 39 7658 7688
133 28 7659 7676
133 33 7659 7688
133 16 7661 7676
133 13 7661 7692
133 81 7662 7669
133 86 7662 7674
133 45 7663 7688
133 72 7664 7720
133 83 7670 7812
133 84 7675 7720
134 26 7677 7688
134 6 7677 7695
134 24 7677 7710
134 15 7677 7746
134 31 7689 7728
134 32 7689 7728
134 38 7689 7728
134 46 7689 7729
134 10 7691 7695
134 28 7691 7707
134 18 7691 7714
134 12 7693 7729
134 7 7696 7701
134 5 7696 7746
134 10 7702 7710
134 27 7708 7751
134 8 7711 7715
134 25 7711 7716
134 22 7714 7719
134 19 7715 7726
134 9 7716 7729
134 24 7717 7722
134 21 7720 7726
134 86 7721 7741
134 25 7723 7746
134 18 7727 7771
134 22 7727 7746
134 30 7729 7757
134 33 7729 7757
134 39 7729 7757
134 10 7730 7746
134 13 7730 7746
134 45 7730 7757
134 73 7731 7735
134 72 7738 7814
134 84 7742 7823
134 96 7743 7766
135 14 7747 7762
135 9 7747 7763
135 12 7747 7763
135 21 7747 7765
135 89 7747 7766
135 92 7747 7766
135 93 7747 7766
135 101 7747 7766
135 6 7747 7769
135 50 7747 7805
135 54 7747 7805
135 24 7747 7822
135 28 7752 7758
135 34 7758 7769
135 40 7758 7769
135 29 7758 7771
135 46 7758 7771
135 27 7759 7789
135 15 7763 7805
135 8 7764 7769
135 11 7764 7805
135 20 7766 7805
135 99 7767 7828
135 87 7767 7831
135 98 7767 7836
135 90 7767 7919
135 95 7767 7919
135 9 7770 7788
135 4 7770 7805
135 33 7770 7816
135 39 7770 7816
135 17 7772 7787
135 30 7772 7816
135 45 7772 7816
135 18 7788 7805
135 10 7789 7805
135 28 7790 7805
136 22 7806 7816
136 8 7806 7818
136 16 7806 7819
136 12 7806 7820
136 26 7806 7824
136 5 7806 7828
136 19 7806 7834
136 47 7806 7977
136 53 7806 8628
136 81 7813 7818
136 21 7817 7822
136 29 7817 7846
136 34 7817 7846
136 40 7817 7846
136 46 7817 7848
136 72 7819 7823
136 9 7819 7838
136 83 7819 8008
136 15 7820 7825
136 13 7821 7825
136 22 7823 7838
136 25 7823 7832
136 73 7824 7832
136 86 7824 7834
136 27 7827 7838
136 12 7829 7864
136 14 7829 7834
136 101 7829 7841
136 6 7829 7931
136 24 7833 7838
136 89 7833 7841
136 72 7835 7845
136 15 7835 7864
136 17 7835 7839
136 84 7835 7845
136 96 7837 7843
136 10 7839 7864
136 28 7839 7864
136 18 7840 7886
136 87 7842 7919
136 99 7842 7919
136 21 7843 7888
136 98 7844 7931
136 86 7846 7851
136 24 7847 7888
136 30 7847 7876
136 33 7847 7876
136 39 7847 7876
136 45 7849 7876
136 72 7852 8007
136 84 7852 8007
138 26 7907 7921
138 18 7907 7931
138 21 7907 7936
138 34 7918 7960
138 40 7918 7960
138 29 7918 7961
138 46 7918 7961
138 24 7920 7941
138 89 7920 7944
138 92 7920 7944
138 93 7920 7944
138 101 7920 7944
138 27 7922 7941
138 59 7923 7948
138 62 7923 7948
138 63 7923 7948
138 71 7923 7948
138 11 7924 7929
138 8 7925 7932
138 14 7929 7934
138 12 7930 8029
138 17 7932 7939
138 96 7932 7944
138 4 7932 7945
138 9 7933 7946
138 15 7935 7962
138 66 7936 7948
138 20 7937 7944
138 18 7940 7977
138 26 7942 7977
138 23 7942 7950
138 21 7945 7961
138 87 7945 8000
138 99 7945 8000
138 90 7945 8011
138 98 7945 8011
138 95 7945 8900
138 5 7946 7977
138 7 7947 7954
138 57 7949 8047
138 60 7949 8047
138 65 7949 8047
138 69 7949 8047
138 68 7949 8195
138 24 7951 8070
138 9 7955 8015
138 33 7961 7989
138 39 7961 7989
138 22 7962 7988
138 45 7962 7988
138 30 7962 7989
138 16 7963 7977
139 19 7978 7992
139 6 7978 8004
139 27 7978 8018
139 15 7978 8031
139 48 7978 8047
139 46 7989 8031
139 21 7989 8198
139 29 7990 8030
139 34 7990 8030
139 40 7990 8030
139 18 7993 8036
139 89 8001 8023
139 101 8001 8029
139 4 8005 8019
139 86 8008 8047
139 81 8009 8017
139 74 8009 8022
139 91 8012 8020
139 96 8013 8029
139 8 8016 8029
139 83 8018 8022
139 26 8019 8047
139 5 8020 8047
139 90 8022 8167
139 87 8024 8047
139 10 8030 8047
139 13 8030 8047
139 98 8030 8047
139 99 8030 8047
139 30 8031 8058
139 33 8031 8058
139 39 8031 8058
139 16 8032 8047
139 45 8032 8058
139 19 8037 8062
139 81 8038 8047
139 72 8045 8103
140 9 8048 8058
140 27 8048 8058
140 101 8048 8064
140 96 8048 8066
140 12 8048 8071
140 59 8048 8077
140 62 8048 8077
140 83 8048 8077
140 84 8048 8077
140 63 8048 8078
140 71 8048 8078
140 6 8048 8114
140 15 8048 8151
140 50 8048 8167
140 38 8059 8068
140 31 8059 8072
140 8 8059 8077
140 26 8059 8078
140 32 8059 8078
140 46 8059 8079
140 18 8063 8204
140 87 8065 8085
140 99 8065 8085
140 98 8067 8167
140 39 8069 8108
140 13 8072 8077
140 30 8073 8108
140 23 8074 8097
140 12 8078 8145
140 81 8078 8083
140 86 8078 8083
140 10 8078 8097
140 60 8078 8195
140 27 8079 8083
140 33 8079 8108
140 57 8079 8195
140 69 8079 8195
140 65 8079 8333
140 45 8080 8108
140 83 8084 8180
140 84 8084 8099
140 28 8084 8097
140 101 8086 8093
140 88 8086 8093
140 87 8094 8167
140 99 8094 8167
141 25 8098 8110
141 8 8098 8115
141 27 8098 8129
141 86 8100 8126
141 74 8107 8115
141 34 8109 8149
141 40 8109 8149
141 29 8109 8150
141 46 8109 8150
141 24 8111 8149
141 4 8115 8127
141 9 8116 8146
141 73 8117 8121
141 72 8124 8175
141 84 8127 8168
141 5 8128 8167
141 26 8130 8146
141 13 8146 8167
141 8 8147 8183
141 27 8147 8167
141 25 8150 8178
141 33 8150 8178
141 39 8150 8178
141 30 8151 8178
141 45 8151 8178
141 16 8152 8167
142 26 8168 8181
142 91 8168 8183
142 96 8168 8185
142 4 8168 8193
142 89 8168 8197
142 101 8168 8199
142 15 8168 8207
142 12 8168 8213
142 48 8168 8233
142 86 8169 8199
142 74 8176 8197
142 24 8179 8195
142 31 8179 8216
142 32 8179 8216
142 38 8179 8216
142 46 8179 8217
142 81 8181 8189
142 10 8184 8189
142 27 8184 8189
142 90 8184 8191
142 76 8184 8196
142 98 8187 8210
142 26 8190 8195
142 9 8190 8217
142 83 8190 8298
142 91 8192 8198
142 6 8194 8233
142 27 8196 8213
142 23 8196 8201
142 66 8196 8206
142 59 8196 8233
142 62 8196 8233
142 71 8196 8233
142 75 8198 9139
142 90 8199 8645
142 20 8199 8204
142 99 8200 8210
142 87 8200 8215
142 72 8200 8300
142 84 8200 8300
142 24 8202 8233
142 21 8205 8209
142 17 8205 8233
142 68 8207 8460
142 14 8208 8213
142 20 8210 8215
142 96 8211 8217
142 101 8211 8217
142 26 8214 8254
142 15 8214 8264
142 11 8214 8233
142 30 8217 8244
142 33 8217 8244
142 39 8217 8244
142 10 8218 8233
142 45 8218 8244
142 21 8219 8233
142 96 8220 8231
142 101 8220 8231
142 89 8223 8227
142 87 8229 8584
142 98 8232 8628
142 99 8232 8577
143 4 8234 8246
143 22 8234 8246
143 23 8234 8249
143 8 8234 8254
143 12 8234 8256
143 18 8234 8261
143 50 8234 8292
143 57 8234 8333
143 60 8234 8333
143 69 8234 8333
143 31 8245 8275
143 32 8245 8275
143 38 8245 8275
143 46 8245 8276
143 21 8247 8260
143 6 8247 8292
143 25 8253 8260
143 9 8255 8259
143 13 8257 8278
143 28 8258 8265
143 8 8260 8273
143 22 8261 8266
143 24 8261 8274
143 19 8262 8269
143 16 8265 8275
143 26 8266 8274
143 21 8267 8292
143 18 8270 8307
143 10 8274 8292
143 25 8275 8292
143 27 8275 8292
143 30 8276 8303
143 33 8276 8303
143 39 8276 8303
143 15 8276 8333
143 45 8277 8303
143 12 8279 8316
144 22 8293 8303
144 28 8293 8303
144 24 8293 8309
144 9 8293 8316
144 5 8293 8333
144 47 8293 8536
144 81 8299 8307
144 73 8301 8306
144 86 8301 8307
144 21 8304 8315
144 31 8304 8315
144 32 8304 8315
144 38 8304 8315
144 46 8304 8316
144 27 8304 8345
144 84 8308 8314
144 19 8308 8315
144 72 8308 8319
144 83 8308 8468
144 25 8310 8347
144 22 8316 8349
144 18 8316 8333
144 30 8316 8344
144 33 8316 8344
144 39 8316 8344
144 13 8317 8333
144 45 8317 8344
144 10 8317 8349
144 84 8323 8331
144 72 8323 8331
145 17 8334 8347
145 14 8334 8351
145 59 8334 8354
145 62 8334 8354
145 63 8334 8354
145 71 8334 8354
145 11 8334 8357
145 6 8334 8365
145 84 8334 8464
145 72 8334 8468
145 31 8345 8379
145 32 8345 8379
145 38 8345 8379
145 46 8345 8379
145 24 8348 8369
145 26 8350 8359
145 21 8350 8375
145 18 8350 8377
145 8 8352 8359
145 15 8352 8378
145 57 8355 8397
145 60 8355 8397
145 69 8355 8397
145 65 8355 8461
145 13 8358 8365
145 7 8360 8370
145 27 8360 8373
145 5 8366 8397
145 12 8366 8397
145 23 8370 8376
145 10 8371 8397
145 20 8376 8397
145 26 8377 8475
145 25 8377 8436
145 17 8378 8397
145 16 8379 8397
145 45 8380 8447
145 33 8380 8448
145 39 8380 8448
145 30 8380 8464
146 15 8398 8421
146 11 8398 8436
146 59 8398 8436
146 62 8398 8436
146 71 8398 8436
146 21 8398 8453
146 18 8398 8459
146 8 8398 8463
146 6 8398 8495
146 16 8422 8436
148 13 8496 8506
148 15 8496 8508
148 25 8496 8516
148 5 8496 8536
148 57 8496 8577
148 60 8496 8577
148 65 8496 8577
148 69 8496 8577
148 83 8496 8755
148 80 8496 9150
148 72 8499 8503
148 29 8507 8519
148 46 8507 8520
148 9 8507 8536
148 12 8507 8536
148 72 8508 8862
148 34 8508 8519
148 40 8508 8519
148 16 8509 8514
148 21 8511 8516
148 15 8515 8577
148 84 8515 8751
148 22 8517 8536
148 24 8517 8581
148 30 8520 8547
148 33 8520 8547
148 39 8520 8547
148 45 8521 8547
148 28 8522 8549
149 8 8537 8554
149 21 8537 8558
149 13 8537 8577
149 48 8537 8577
149 6 8537 8672
149 29 8548 8560
149 34 8548 8560
149 40 8548 8560
149 46 8548 8560
149 26 8550 8557
149 9 8555 8600
149 19 8557 8577
149 22 8559 8577
149 28 8561 8577
149 45 8561 8588
149 30 8561 8589
149 33 8561 8589
149 39 8561 8589
152 5 8673 8692
152 7 8673 8692
152 24 8673 8784
152 47 8673 8784
152 18 8673 8802
152 15 8673 8825
152 98 8673 8847
152 87 8673 8849
152 99 8673 8849
152 12 8673 8857
152 57 8673 8877
152 60 8673 8877
152 65 8673 8877
152 69 8673 8877
152 51 8673 9150
152 53 8673 9150
152 46 8684 8697
152 31 8685 8695
152 38 8685 8696
152 32 8685 8697
152 4 8693 8713
152 9 8693 8721
152 30 8696 8726
152 39 8697 8726
152 33 8698 8726
152 45 8698 8726
153 6 8714 8726
153 8 8722 8727
153 4 8727 8740
153 29 8727 8784
153 34 8727 8784
153 40 8727 8784
153 46 8727 8784
153 9 8728 8735
153 8 8736 8743
153 5 8741 8784
153 9 8744 8763
153 27 8745 8777
153 86 8752 8762
153 81 8756 8762
153 83 8763 8862
153 84 8763 8862
153 8 8764 8769
153 9 8772 8777
153 7 8778 8784
154 25 8785 8795
154 30 8785 8795
154 33 8785 8795
154 39 8785 8795
154 45 8785 8795
154 10 8785 8797
154 27 8785 8798
154 50 8785 8825
154 6 8785 8877
154 34 8796 8807
154 40 8796 8807
154 29 8796 8809
154 46 8796 8809
154 24 8796 8825
154 8 8798 8806
154 26 8799 8806
154 19 8803 8825
154 9 8807 8825
154 33 8808 8837
154 39 8808 8837
154 22 8808 8825
154 30 8810 8837
154 45 8810 8837
154 28 8810 8825
156 19 8878 8890
156 15 8878 8893
156 7 8878 8896
156 87 8878 8900
156 99 8878 8900
156 11 8878 8902
156 62 8878 8903
156 59 8878 8904
156 63 8878 8905
156 71 8878 8905
156 98 8878 8912
156 24 8878 8914
156 5 8878 8934
156 90 8878 8973
156 72 8882 8891
156 84 8882 8891
156 29 8888 8916
156 46 8888 8917
156 66 8891 8905
156 18 8891 8906
156 56 8891 8906
156 86 8892 8899
156 14 8894 8910
156 8 8897 8905
156 93 8901 8920
156 101 8901 8920
156 86 8902 8915
156 89 8902 8909
156 12 8903 8913
156 40 8904 8916
156 60 8904 8934
156 34 8905 8916
156 9 8906 8934
156 27 8906 8934
156 57 8906 8934
156 65 8906 8934
156 69 8906 8934
156 68 8906 9034
156 17 8907 8915
156 55 8907 9150
156 72 8910 8939
156 15 8911 8918
156 96 8913 8920
156 20 8913 8934
156 11 8914 8948
156 23 8915 8934
156 87 8916 8973
156 84 8916 8939
156 18 8916 9006
156 30 8917 8984
156 33 8917 8985
156 39 8917 8985
156 45 8918 8984
156 14 8919 8934
156 99 8921 8973
156 98 8921 8973
156 95 8921 8973
157 16 8935 8945
157 22 8935 8947
157 59 8935 8973
157 62 8935 8973
157 63 8935 8973
157 71 8935 8973
157 8 8935 8990
157 24 8935 9002
157 26 8935 9002
157 6 8935 9106
157 86 8940 8945
157 73 8941 8945
157 21 8948 8958
157 12 8949 8957
157 14 8949 8973
157 86 8950 8955
157 73 8951 8955
157 84 8956 9079
157 72 8956 9084
157 13 8958 8973
157 22 8959 8973
160 8 9080 9093
160 86 9080 9095
160 57 9080 9107
160 69 9080 9107
160 60 9080 9110
160 15 9080 9111
160 18 9080 9117
160 47 9080 9150
160 21 9081 9150
160 73 9087 9091
160 29 9091 9133
160 34 9091 9133
160 40 9091 9133
160 46 9091 9134
160 72 9093 9124
160 7 9094 9098
160 28 9094 9099
160 84 9096 9124
160 26 9100 9107
160 8 9102 9107
160 11 9107 9117
160 4 9107 9120
160 9 9108 9135
160 27 9108 9135
160 71 9108 9150
160 59 9111 9150
160 62 9111 9150
160 14 9112 9123
160 17 9118 9125
160 12 9118 9150
160 5 9121 9150
160 66 9122 9150
160 89 9123 9130
160 101 9123 9144
160 15 9124 9150
160 86 9125 9150
160 23 9125 9133
160 74 9125 9150
160 18 9126 9150
160 88 9132 9136
160 81 9133 9150
160 30 9134 9150
160 33 9134 9150
160 39 9134 9150
160 45 9135 9150
160 28 9136 9150
160 10 9136 9150
160 24 9136 9150
160 89 9137 9141
160 76 9141 9149
18 9 762 780
18 12 762 874
18 48 762 874
18 92 762 874
18 46 774 800
18 29 775 797
18 32 775 798
18 35 775 798
18 8 781 837
18 30 798 822
18 33 799 822
18 36 799 822
18 45 801 821
21 14 940 953
21 12 940 962
21 7 940 968
21 72 940 1002
21 75 940 1002
21 84 940 1002
21 21 940 1003
21 48 940 1003
21 83 940 1003
21 57 940 1010
21 69 940 1010
21 24 940 1080
21 60 940 1147
21 89 940 1147
21 92 940 1147
21 68 940 1167
21 46 952 998
21 29 953 996
21 32 953 996
21 35 953 996
21 15 954 1003
21 11 963 968
21 12 969 1039
21 8 972 1003
21 98 978 1270
21 33 997 1015
21 36 997 1015
21 30 997 1016
21 28 998 1003
21 45 999 1014
21 74 1003 1068
21 86 1003 1068
22 10 1004 1014
22 20 1004 1021
22 81 1004 1047
22 14 1004 1068
22 17 1004 1068
22 47 1004 1068
22 77 1004 1068
22 26 1004 1147
22 59 1011 1020
22 71 1011 1020
22 9 1015 1020
22 46 1015 1049
22 34 1016 1042
22 37 1016 1042
22 31 1017 1042
22 8 1021 1037
22 57 1021 1147
22 69 1021 1147
22 21 1025 1038
22 56 1033 1044
22 9 1038 1042
22 20 1039 1044
22 11 1040 1068
22 10 1043 1068
22 42 1043 1067
22 44 1043 1067
22 30 1043 1080
22 33 1043 1080
22 36 1043 1080
22 21 1045 1068
22 55 1045 1300
22 83 1048 1446
22 45 1050 1080
22 93 1055 1066
22 95 1067 1108
22 43 1068 1305
22 41 1068 1602
26 25 1271 1282
26 9 1271 1284
26 97 1271 1285
26 92 1271 1295
26 89 1271 1303
26 17 1271 1324
26 59 1271 1383
26 62 1271 1383
26 71 1271 1383
26 50 1271 1445
26 101 1271 1464
26 14 1276 1324
26 46 1282 1308
26 31 1283 1305
26 34 1283 1305
26 37 1283 1305
26 24 1283 1544
26 8 1285 1290
26 98 1286 1315
26 66 1286 1320
26 22 1289 1294
26 52 1290 1324
26 54 1293 1324
26 10 1294 1298
26 90 1296 1324
26 20 1298 1324
26 8 1299 1307
26 56 1301 1324
26 63 1303 1324
26 88 1304 1309
26 44 1306 1324
26 30 1306 1336
26 33 1306 1336
26 36 1306 1336
26 10 1308 1360
26 45 1309 1335
26 89 1310 1420
27 51 1325 1342
27 53 1325 1345
27 65 1325 1346
27 18 1325 1347
27 15 1325 1353
27 96 1325 1383
27 21 1325 1407
27 92 1325 1419
27 55 1325 1424
27 68 1325 1462
27 43 1325 1602
27 46 1336 1371
27 31 1337 1370
27 34 1337 1370
27 37 1337 1370
27 13 1341 1383
27 52 1343 1383
27 54 1346 1383
27 93 1346 1383
27 63 1347 1383
27 19 1348 1383
27 14 1354 1445
27 8 1361 1383
27 30 1371 1394
27 33 1371 1394
27 36 1371 1394
27 45 1372 1393
28 10 1384 1397
28 51 1384 1400
28 53 1384 1402
28 95 1384 1402
28 12 1384 1433
28 57 1384 1445
28 60 1384 1445
28 69 1384 1445
28 98 1384 1458
28 65 1384 1472
28 17 1384 1501
28 46 1394 1434
28 31 1395 1429
28 34 1395 1429
28 37 1395 1429
28 52 1401 1445
28 93 1403 1416
28 54 1403 1445
28 9 1404 1408
28 20 1408 1501
28 8 1409 1414
28 10 1415 1425
28 95 1417 1591
28 87 1421 1425
28 90 1421 1502
28 74 1422 1449
28 86 1422 1463
28 77 1424 1445
28 56 1425 1432
28 8 1426 1501
28 89 1427 1433
28 30 1430 1457
28 33 1430 1457
28 36 1430 1457
28 55 1433 1478
28 13 1434 1445
28 45 1435 1457
28 88 1440 1444
30 18 1502 1506
30 22 1502 1517
30 13 1502 1518
30 57 1502 1519
30 60 1502 1519
30 69 1502 1519
30 86 1502 1522
30 9 1502 1527
30 15 1502 1537
30 55 1502 1595
30 68 1502 1625
30 89 1502 1625
30 65 1502 1648
30 92 1503 1625
30 19 1507 1514
30 73 1508 1515
30 46 1513 1548
30 29 1514 1548
30 32 1514 1548
30 35 1514 1548
30 18 1515 1526
30 21 1518 1525
30 72 1518 1534
30 59 1520 1560
30 71 1520 1560
30 62 1521 1560
30 11 1522 1529
30 84 1523 1534
30 22 1526 1539
30 19 1527 1560
30 8 1528 1560
30 13 1530 1564
30 86 1535 1546
30 14 1538 1560
30 21 1540 1560
30 25 1545 1560
30 72 1547 1557
30 84 1547 1557
30 45 1549 1572
30 30 1549 1573
30 33 1549 1573
30 36 1549 1573
30 86 1558 1625
30 74 1560 1625
31 16 1561 1578
31 9 1561 1587
31 98 1561 1597
31 57 1561 1620
31 69 1561 1620
31 20 1561 1625
31 24 1561 1625
31 60 1561 1625
31 77 1561 1625
31 81 1561 1625
31 17 1561 1801
31 12 1565 1657
31 46 1573 1608
31 34 1574 1602
31 37 1574 1602
31 31 1574 1603
31 14 1579 1673
31 8 1588 1625
31 93 1592 1614
31 56 1596 1605
31 96 1598 1620
31 42 1603 1625
31 44 1603 1625
31 33 1603 1638
31 36 1603 1638
31 55 1606 1722
31 30 1607 1638
31 45 1609 1638
31 95 1615 1709
31 97 1621 1625
31 59 1621 1855
31 71 1621 1855
35 19 1802 1813
35 22 1802 1813
35 8 1802 1817
35 12 1802 1834
35 16 1802 1855
35 50 1802 1855
35 66 1802 1855
35 55 1802 1965
35 65 1802 2027
35 18 1814 1825
35 31 1814 1842
35 34 1814 1842
35 37 1814 1842
35 46 1814 1843
35 21 1814 1925
35 10 1821 1834
35 19 1826 1855
35 8 1835 1855
35 13 1835 1839
35 11 1840 1855
35 30 1843 1868
35 33 1843 1868
35 36 1843 1868
35 45 1844 1867
36 10 1856 1870
36 97 1856 1870
36 15 1856 1872
36 17 1856 1880
36 12 1856 1884
36 48 1856 1925
36 57 1856 1925
36 60 1856 1925
36 68 1856 1925
36 69 1856 1925
36 89 1856 2048
36 92 1856 2048
36 101 1856 2054
36 46 1868 1915
36 31 1869 1914
36 34 1869 1914
36 37 1869 1914
36 9 1871 1876
36 98 1871 1966
36 16 1873 1878
36 15 1879 1892
36 8 1880 1884
36 18 1884 1889
36 10 1885 1893
36 13 1885 1906
36 19 1890 1914
36 14 1893 1925
36 8 1894 2015
36 11 1907 1925
36 17 1915 2078
36 30 1915 1938
36 33 1915 1938
36 36 1915 1938
36 45 1916 1937
38 13 1986 1997
38 28 1986 2001
38 98 1986 2027
38 50 1986 2048
38 62 1986 2048
38 83 1986 2262
38 75 1986 2868
38 72 1988 2264
38 84 1988 2264
38 21 1992 2001
38 12 1998 2005
38 31 1998 2029
38 34 1998 2029
38 37 1998 2029
38 46 1998 2029
38 27 2002 2007
38 20 2002 2048
38 13 2006 2023
38 28 2008 2048
38 7 2016 2048
38 11 2024 2048
38 56 2028 2043
38 63 2028 2048
38 96 2028 2049
38 45 2030 2060
38 30 2030 2061
38 33 2030 2061
38 36 2030 2061
38 55 2044 2874
39 88 2049 2054
39 22 2049 2075
39 12 2049 2087
39 8 2049 2091
39 47 2049 2113
39 57 2049 2113
39 60 2049 2113
39 69 2049 2113
39 26 2049 2227
39 65 2049 2329
39 90 2049 2358
39 98 2050 2358
39 87 2055 2069
39 99 2055 2069
39 46 2061 2097
39 29 2062 2095
39 35 2062 2095
39 32 2062 2096
39 15 2068 2139
39 89 2070 2113
39 101 2070 2113
39 21 2076 2177
39 18 2079 2259
39 13 2088 2113
39 9 2094 2134
39 30 2096 2126
39 36 2096 2126
39 33 2097 2126
39 25 2098 2108
39 45 2098 2125
39 24 2109 2242
42 10 2228 2238
42 11 2228 2249
42 28 2228 2255
42 15 2228 2292
42 59 2228 2358
42 62 2228 2358
42 71 2228 2358
42 46 2239 2277
42 29 2240 2275
42 35 2240 2275
42 32 2241 2275
42 8 2242 2418
42 25 2243 2270
42 12 2250 2255
42 11 2258 2266
42 26 2259 2418
42 19 2260 2265
42 81 2263 2270
42 86 2265 2274
42 73 2266 2273
42 18 2266 2292
42 13 2267 2292
42 24 2271 2504
42 83 2273 2278
42 30 2276 2304
42 36 2276 2304
42 33 2276 2305
42 45 2278 2304
42 81 2279 2286
42 86 2279 2287
42 73 2279 2283
42 83 2287 2864
42 72 2288 2383
42 84 2288 2383
46 13 2499 2512
46 17 2499 2519
46 91 2499 2519
46 8 2499 2520
46 96 2499 2533
46 15 2499 2548
46 47 2499 2563
46 59 2499 2622
46 62 2499 2622
46 71 2499 2622
46 25 2505 2513
46 46 2511 2552
46 31 2512 2551
46 37 2512 2551
46 34 2513 2551
46 12 2513 2554
46 24 2514 2629
46 18 2520 2547
46 90 2520 2563
46 10 2524 2563
46 22 2531 2563
46 87 2534 2563
46 99 2534 2563
46 98 2534 2844
46 17 2548 2563
46 14 2549 2563
46 30 2552 2575
46 33 2552 2575
46 36 2552 2575
46 45 2553 2575
46 11 2555 2562
46 12 2563 2673
52 97 2845 2862
52 12 2845 2880
52 14 2845 2895
52 17 2845 2895
52 20 2845 2895
52 28 2845 2895
52 50 2845 3065
52 89 2845 3065
52 92 2845 3065
52 101 2845 3065
52 86 2854 2895
52 73 2856 2868
52 46 2857 2882
52 31 2858 2879
52 34 2858 2879
52 37 2858 2879
52 96 2863 2895
52 81 2865 2895
52 76 2869 2873
52 74 2869 2895
52 7 2873 2895
52 77 2874 2895
52 56 2875 2895
52 30 2880 2908
52 33 2880 2908
52 36 2880 2908
52 13 2881 2895
52 45 2883 2907
53 72 2896 2903
53 84 2896 2903
53 83 2896 2911
53 55 2896 2912
53 12 2896 2919
53 16 2896 2946
53 10 2896 2959
53 21 2896 2997
53 26 2896 2997
53 98 2896 2997
53 19 2896 3065
53 75 2896 3166
53 72 2905 2910
53 84 2905 2910
53 46 2908 2930
53 31 2909 2929
53 37 2909 2929
53 34 2909 2930
53 86 2911 2917
53 81 2912 2917
53 56 2913 2931
53 72 2918 2923
53 84 2918 2923
53 83 2918 2980
53 13 2920 2946
53 72 2926 2930
53 84 2926 2930
53 36 2930 2958
53 30 2930 2959
53 33 2931 2958
53 45 2931 2958
53 84 2932 2975
53 55 2932 2966
53 25 2933 2943
53 72 2936 2980
53 24 2944 2997
54 12 2947 2997
54 14 2947 2997
54 34 2959 2980
54 37 2959 2980
54 46 2959 2981
54 31 2960 2980
54 9 2960 2981
54 56 2967 2983
54 95 2977 3028
54 30 2981 3018
54 33 2981 3018
54 36 2981 3018
54 10 2982 2997
54 45 2982 3017
54 55 2984 3167
54 81 2989 2993
54 86 2989 2993
54 72 2994 3005
54 83 2994 3005
54 84 2994 3005
60 7 3303 3324
60 16 3303 3366
60 46 3315 3353
60 32 3319 3351
60 29 3319 3352
60 35 3319 3352
60 19 3321 3366
60 66 3324 3366
60 71 3324 3391
60 8 3325 3387
60 62 3325 3389
60 59 3325 3391
60 28 3328 3366
60 33 3352 3379
60 30 3353 3379
60 36 3353 3379
60 45 3354 3378
65 55 3595 3609
65 12 3595 3625
65 15 3595 3625
65 92 3595 3628
65 89 3595 3630
65 101 3595 3631
65 8 3595 3664
65 48 3595 3664
65 57 3595 3664
65 60 3595 3664
65 68 3595 3664
65 69 3595 3664
65 21 3595 3797
65 26 3595 3905
65 65 3595 4740
65 31 3607 3653
65 37 3607 3653
65 46 3607 3655
65 34 3608 3653
65 56 3610 3619
65 55 3620 3754
65 19 3620 3664
65 86 3621 3627
65 93 3625 3631
65 13 3626 3635
65 16 3626 3641
65 84 3628 3651
65 72 3628 3657
65 90 3631 3724
65 87 3632 3724
65 99 3632 3724
65 95 3632 4163
65 11 3636 3664
65 14 3642 3664
65 86 3652 3658
65 25 3652 3659
65 30 3654 3677
65 33 3654 3677
65 36 3654 3677
65 45 3656 3676
65 84 3659 3759
65 72 3659 3759
65 24 3660 4140
66 66 3665 3679
66 17 3665 3690
66 15 3665 3696
66 12 3665 3704
66 10 3665 3708
66 47 3665 3724
66 59 3665 3724
66 62 3665 3724
66 71 3665 3724
66 46 3677 3714
66 31 3678 3713
66 34 3678 3713
66 37 3678 3713
66 68 3682 3709
66 19 3691 3712
66 14 3697 3724
66 13 3705 3724
66 8 3709 3756
66 17 3713 3760
66 68 3714 3852
66 30 3714 3736
66 33 3714 3738
66 36 3714 3738
66 45 3715 3736
72 57 4021 4039
72 60 4021 4039
72 69 4021 4039
72 7 4021 4062
72 18 4021 4064
72 15 4021 4107
72 12 4032 4068
72 46 4032 4070
72 29 4033 4069
72 32 4033 4069
72 35 4033 4069
72 21 4034 4064
72 59 4040 4080
72 62 4040 4080
72 71 4040 4080
72 27 4055 4063
72 8 4063 4099
72 28 4064 4080
72 19 4065 4080
72 22 4065 4080
72 13 4069 4080
72 30 4070 4093
72 33 4070 4093
72 36 4070 4093
72 45 4071 4092
72 101 4080 4219
75 10 4220 4232
75 17 4220 4250
75 16 4220 4256
75 62 4220 4267
75 59 4220 4268
75 71 4220 4268
75 48 4220 4284
75 87 4220 4284
75 90 4220 4284
75 98 4220 4284
75 99 4220 4284
75 51 4220 4305
75 53 4220 4307
75 46 4232 4274
75 9 4233 4238
75 31 4233 4273
75 37 4233 4273
75 34 4234 4273
75 21 4234 4284
75 10 4239 4252
75 19 4251 4343
75 8 4253 4313
75 15 4257 4265
75 11 4258 4284
75 16 4266 4270
75 57 4269 4284
75 60 4269 4284
75 69 4269 4284
75 14 4271 4284
75 30 4274 4297
75 33 4274 4297
75 36 4274 4297
75 45 4275 4296
76 12 4285 4290
76 25 4285 4297
76 97 4285 4303
76 22 4285 4308
76 15 4285 4323
76 62 4285 4336
76 59 4285 4343
76 71 4285 4343
76 89 4285 4402
76 92 4285 4402
76 101 4285 4402
76 50 4285 4452
76 13 4291 4301
76 46 4297 4333
76 24 4298 4305
76 31 4298 4332
76 34 4298 4332
76 37 4298 4332
76 12 4302 4326
76 96 4304 4323
76 25 4306 4330
76 52 4306 4343
76 93 4307 4343
76 54 4308 4343
76 21 4309 4358
76 10 4314 4318
76 9 4319 4343
76 14 4324 4329
76 98 4325 4380
76 11 4327 4343
76 15 4330 4343
76 24 4331 4343
76 30 4333 4355
76 33 4333 4355
76 36 4333 4355
76 45 4334 4355
76 60 4337 4402
82 12 4642 4655
82 10 4642 4661
82 22 4642 4662
82 57 4642 4673
82 69 4642 4673
82 60 4642 4674
82 72 4642 4699
82 84 4642 4699
82 87 4642 4701
82 90 4642 4701
82 99 4642 4701
82 98 4642 4765
82 47 4642 4827
82 80 4642 5103
82 53 4642 5201
82 95 4642 5369
82 46 4654 4687
82 29 4655 4686
82 32 4655 4686
82 35 4655 4686
82 11 4656 4678
82 21 4663 4739
82 23 4666 4673
82 18 4667 4701
82 10 4668 4701
82 15 4670 4701
82 71 4674 4891
82 24 4674 4915
82 59 4675 4891
82 62 4675 4891
82 12 4679 4701
82 30 4687 4714
82 33 4687 4714
82 36 4687 4714
82 45 4688 4713
82 86 4700 4730
82 74 4701 4722
83 81 4702 4718
83 89 4702 4730
83 9 4702 4735
83 11 4702 4738
83 101 4702 4741
83 14 4702 4827
83 17 4702 4827
83 91 4705 4717
83 76 4707 4711
83 75 4712 4956
83 46 4714 4752
83 31 4715 4749
83 34 4715 4749
83 37 4715 4749
83 83 4719 4724
83 91 4720 4726
83 73 4723 4730
83 90 4727 4824
83 83 4731 4768
83 72 4731 4770
83 84 4731 4770
83 89 4732 4741
83 7 4736 4766
83 12 4739 4746
83 63 4741 4766
83 87 4742 4765
83 99 4742 4765
83 20 4743 4827
83 56 4749 4766
83 11 4750 4766
83 30 4750 4779
83 33 4750 4779
83 36 4750 4779
83 45 4753 4778
83 89 4766 4773
83 101 4766 4787
83 96 4766 4787
84 66 4767 4779
84 8 4767 4790
84 13 4767 4795
84 65 4767 4798
84 55 4767 4804
84 81 4769 4782
84 73 4771 4776
84 86 4771 4782
84 72 4778 4835
84 46 4779 4813
84 89 4780 4784
84 31 4780 4805
84 34 4780 4805
84 37 4780 4805
84 84 4783 4835
84 83 4783 4956
84 68 4784 4805
84 87 4785 4802
84 98 4788 4802
84 99 4788 4802
84 9 4791 4807
84 12 4796 4818
84 63 4799 4827
84 88 4803 4814
84 96 4803 4814
84 101 4803 4814
84 56 4805 4827
84 66 4806 4891
84 30 4806 4840
84 33 4806 4840
84 36 4806 4840
84 8 4808 4814
84 45 4814 4839
84 9 4815 4827
84 101 4817 4983
84 13 4819 4827
84 98 4821 4891
84 89 4825 4975
84 92 4825 4971
87 98 4957 4971
87 16 4957 4973
87 11 4957 4974
87 9 4957 4977
87 81 4957 4977
87 21 4957 4982
87 17 4957 5009
87 24 4957 5009
87 62 4957 5009
87 68 4957 5068
87 76 4959 4964
87 34 4967 4993
87 46 4967 4999
87 31 4968 4992
87 37 4968 4993
87 75 4968 5098
87 96 4972 4983
87 90 4972 5068
87 14 4974 5009
87 12 4978 5054
87 72 4978 5058
87 84 4978 5058
87 83 4978 5092
87 87 4981 4988
87 7 4981 4992
87 20 4983 5009
87 98 4984 5106
87 99 4984 5068
87 63 4986 5009
87 56 4987 4996
87 87 4991 5068
87 30 4993 5021
87 8 4993 5087
87 36 4994 5021
87 33 4994 5022
87 55 4997 5103
87 45 5000 5021
90 13 5125 5140
90 7 5125 5143
90 87 5125 5165
90 99 5125 5165
90 59 5125 5231
90 62 5125 5231
90 71 5125 5231
90 90 5125 5354
90 26 5125 5420
90 84 5125 5734
90 72 5125 5737
90 75 5125 6029
90 41 5125 9150
90 43 5125 9150
90 46 5137 5162
90 31 5138 5162
90 34 5138 5162
90 37 5138 5162
90 21 5140 5182
90 12 5141 5146
90 10 5147 5182
90 11 5150 5182
90 63 5160 5182
90 56 5162 5182
90 30 5163 5194
90 45 5163 5194
90 33 5163 5195
90 36 5163 5195
90 96 5164 5183
90 88 5166 5181
90 101 5166 5181
90 18 5177 5182
90 87 5182 5354
90 99 5182 5354
100 67 5718 5736
100 18 5718 5741
100 8 5718 5752
100 13 5718 5763
100 96 5718 5777
100 89 5718 5798
100 59 5718 5907
100 62 5718 5907
100 71 5718 5907
100 92 5720 5762
100 15 5720 5777
100 46 5729 5766
100 31 5730 5765
100 34 5730 5765
100 37 5730 5765
100 22 5732 5741
100 81 5735 5744
100 86 5735 5751
100 68 5737 5741
100 73 5738 5744
100 21 5742 5755
100 17 5742 5794
100 66 5745 5777
100 83 5745 6028
100 72 5752 5985
100 84 5752 5985
100 9 5753 5824
100 22 5756 5825
100 91 5763 5767
100 12 5764 5769
100 30 5766 5790
100 33 5766 5790
100 36 5766 5790
100 45 5767 5789
100 90 5768 5981
100 13 5770 5774
101 98 5778 5819
101 14 5778 5820
101 11 5778 5826
101 68 5778 5842
101 46 5790 5828
101 29 5791 5827
101 32 5791 5827
101 35 5791 5827
101 18 5795 5800
101 88 5800 5806
101 19 5801 5842
101 87 5808 5812
101 23 5817 5842
101 96 5820 5842
101 16 5821 5842
101 10 5825 5842
101 21 5826 5842
101 13 5827 5882
101 30 5828 5855
101 33 5828 5855
101 36 5828 5855
101 89 5829 5833
101 45 5829 5854
102 87 5843 5863
102 98 5843 5863
102 99 5843 5863
102 66 5843 5865
102 22 5843 5867
102 17 5843 5876
102 8 5843 5907
102 15 5843 5907
102 24 5843 6008
102 46 5855 5891
102 31 5856 5890
102 34 5856 5890
102 37 5856 5890
102 96 5864 5889
102 101 5864 5889
102 67 5866 5894
102 21 5868 5878
102 88 5876 5883
102 18 5877 5935
102 22 5879 5926
102 12 5883 6028
102 87 5890 5981
102 98 5890 5981
102 99 5890 5981
102 30 5891 5927
102 33 5891 5927
102 36 5891 5927
102 45 5892 5926
102 68 5895 6224
103 7 5908 5934
103 16 5908 5963
103 57 5908 5963
103 60 5908 5963
103 69 5908 5963
103 21 5927 5938
103 46 5927 5950
103 31 5928 5949
103 34 5928 5949
103 37 5928 5949
103 8 5935 6004
103 19 5936 5963
103 28 5938 5963
103 22 5939 5963
103 30 5950 5976
103 33 5950 5976
103 36 5950 5976
103 45 5951 5975
104 18 5964 6028
104 48 5964 6028
104 59 5964 6028
104 62 5964 6028
104 71 5964 6028
104 15 5964 6052
104 26 5964 6087
104 21 5964 6147
104 46 5976 6015
104 29 5977 6013
104 32 5977 6014
104 35 5977 6014
104 93 5982 5987
104 92 5982 6028
104 89 5982 6147
104 96 5982 6147
104 101 5982 6147
104 74 5986 6011
104 86 5986 6011
104 95 5988 6739
104 10 6005 6028
104 25 6009 6016
104 72 6012 6021
104 84 6012 6021
104 30 6014 6040
104 33 6015 6040
104 36 6015 6040
104 45 6016 6039
104 24 6017 6059
104 86 6022 6131
104 74 6024 6089
105 19 6029 6043
105 8 6029 6044
105 57 6029 6044
105 60 6029 6044
105 69 6029 6044
105 90 6029 6048
105 11 6029 6069
105 47 6029 6087
105 81 6029 6087
105 77 6031 6064
105 46 6040 6070
105 29 6041 6069
105 32 6041 6069
105 35 6041 6069
105 18 6044 6054
105 9 6045 6061
105 59 6045 6087
105 62 6045 6089
105 71 6045 6147
105 91 6049 6087
105 14 6053 6060
105 19 6055 6087
105 23 6060 6087
105 15 6061 6115
105 8 6062 6067
105 76 6065 6069
105 9 6068 6087
105 12 6070 6075
105 30 6070 6100
105 33 6070 6100
105 36 6070 6100
105 45 6071 6099
105 75 6074 6080
105 11 6076 6083
105 76 6081 6087
105 12 6084 6147
108 28 6197 6213
108 89 6197 6216
108 92 6197 6216
108 101 6197 6216
108 21 6197 6217
108 50 6197 6244
108 59 6197 6244
108 62 6197 6244
108 71 6197 6244
108 14 6197 6257
108 17 6197 6356
108 31 6209 6226
108 46 6209 6227
108 34 6210 6226
108 37 6210 6226
108 26 6214 6278
108 7 6216 6244
108 87 6217 6244
108 99 6217 6244
108 90 6217 6441
108 20 6218 6308
108 56 6223 6244
108 63 6223 6244
108 11 6224 6237
108 66 6225 6244
108 30 6227 6257
108 33 6227 6257
108 36 6227 6257
108 45 6228 6256
108 13 6238 6293
109 89 6245 6275
109 96 6245 6275
109 101 6245 6276
109 8 6245 6293
109 47 6245 6293
109 57 6245 6293
109 60 6245 6293
109 68 6245 6293
109 69 6245 6293
109 65 6245 6321
109 55 6245 6573
109 86 6253 6260
109 46 6257 6278
109 16 6258 6269
109 29 6258 6276
109 32 6258 6276
109 35 6258 6276
109 72 6261 6339
109 84 6261 6339
109 15 6270 6277
109 98 6276 6441
109 30 6277 6306
109 36 6277 6306
109 33 6277 6307
109 87 6277 6441
109 99 6277 6441
109 14 6278 6356
109 27 6279 6293
109 45 6279 6305
112 8 6421 6442
112 22 6421 6463
112 50 6421 6485
112 59 6421 6485
112 62 6421 6485
112 71 6421 6485
112 46 6433 6472
112 29 6434 6470
112 35 6434 6470
112 32 6434 6471
112 96 6442 6485
112 89 6442 6510
112 101 6442 6510
112 92 6443 6485
112 23 6447 6457
112 8 6449 6462
112 24 6458 6547
112 9 6463 6485
112 21 6464 6485
112 30 6471 6498
112 36 6471 6498
112 28 6472 6485
112 33 6472 6498
112 45 6473 6497
112 19 6479 6485
114 89 6545 6562
114 72 6545 6609
114 84 6545 6609
114 59 6545 6635
114 62 6545 6635
114 71 6545 6635
114 15 6545 6641
114 25 6548 6555
114 46 6556 6593
114 24 6556 6608
114 31 6557 6592
114 34 6557 6592
114 37 6557 6592
114 12 6558 6647
114 21 6562 6567
114 87 6563 6608
114 99 6563 6608
114 98 6563 6652
114 19 6565 6570
114 10 6567 6571
114 22 6568 6608
114 18 6571 6608
114 8 6572 6667
114 56 6574 6608
114 30 6593 6620
114 33 6593 6620
114 36 6593 6620
114 45 6594 6619
116 9 6668 6684
116 22 6668 6702
116 18 6668 6716
116 48 6668 6716
116 87 6668 6716
116 90 6668 6716
116 98 6668 6716
116 99 6668 6716
116 15 6668 6746
116 12 6668 6754
116 84 6668 7234
116 72 6668 7241
116 75 6668 7372
116 46 6680 6702
116 34 6681 6700
116 37 6681 6700
116 31 6681 6701
116 8 6685 6695
116 7 6696 6716
116 36 6701 6729
116 33 6701 6730
116 30 6702 6729
116 45 6703 6729
116 21 6703 6777
120 15 6873 6886
120 27 6873 6893
120 11 6873 6911
120 19 6873 6911
120 59 6873 6911
120 62 6873 6911
120 71 6873 6911
120 9 6873 6929
120 24 6873 6941
120 90 6873 7149
120 98 6873 7160
120 14 6887 6911
120 28 6894 6899
120 88 6896 6903
120 27 6900 6907
120 87 6906 7149
120 99 6906 7149
120 28 6908 6924
122 12 6982 6992
122 9 6982 6993
122 48 6982 7088
122 46 6992 6998
122 13 6993 6998
122 15 6993 7028
122 8 6994 7028
122 12 6999 7009
122 45 6999 7040
122 27 7002 7010
122 13 7010 7028
122 28 7011 7028
123 16 7029 7040
123 26 7029 7041
123 11 7029 7043
123 7 7029 7044
123 52 7029 7088
123 54 7029 7088
123 67 7029 7088
123 59 7029 7127
123 62 7029 7127
123 63 7029 7127
123 71 7029 7127
123 29 7041 7057
123 40 7041 7057
123 46 7041 7058
123 34 7043 7057
123 14 7044 7048
123 12 7044 7049
123 22 7046 7053
123 8 7047 7058
123 27 7048 7052
123 17 7049 7088
123 11 7050 7057
123 14 7052 7088
123 26 7053 7066
123 21 7057 7070
123 23 7057 7088
123 12 7058 7106
123 30 7058 7100
123 33 7058 7100
123 39 7058 7100
123 9 7059 7063
123 45 7059 7099
123 8 7064 7072
123 27 7067 7072
123 22 7071 7081
123 26 7073 7088
123 9 7073 7088
123 21 7082 7154
124 25 7089 7099
124 27 7089 7102
124 15 7089 7106
124 18 7089 7108
124 50 7089 7127
124 7 7089 7142
124 68 7089 7211
124 53 7089 7746
124 51 7089 8628
124 46 7100 7109
124 24 7100 7127
124 29 7101 7109
124 34 7101 7109
124 40 7101 7109
124 26 7103 7127
124 13 7107 7127
124 16 7107 7127
124 19 7109 7127
124 30 7110 7138
124 33 7110 7138
124 39 7110 7138
124 45 7110 7138
125 25 7128 7140
125 12 7128 7141
125 28 7128 7145
125 18 7128 7149
125 15 7128 7152
125 57 7128 7211
125 60 7128 7211
125 65 7128 7211
125 69 7128 7211
125 47 7128 7426
125 34 7139 7168
125 29 7139 7169
125 40 7139 7169
125 46 7139 7170
125 24 7141 7156
125 13 7142 7147
125 8 7143 7156
125 26 7146 7150
125 11 7148 7158
125 19 7150 7157
125 89 7150 7186
125 92 7150 7186
125 93 7150 7186
125 101 7150 7186
125 27 7151 7159
125 14 7153 7160
125 22 7155 7162
125 25 7157 7162
125 9 7157 7164
125 17 7158 7166
125 12 7159 7192
125 26 7160 7167
125 15 7161 7186
125 96 7161 7186
125 20 7163 7186
125 8 7165 7186
125 23 7166 7186
125 18 7167 7222
125 33 7169 7197
125 30 7170 7197
125 39 7170 7197
125 28 7171 7186
125 45 7171 7197
131 96 7492 7504
131 101 7492 7504
131 11 7492 7506
131 59 7492 7510
131 62 7492 7510
131 71 7492 7510
131 18 7492 7555
131 47 7492 7746
131 87 7501 7640
131 46 7503 7538
131 31 7504 7536
131 32 7504 7536
131 38 7504 7536
131 99 7505 7636
131 98 7505 7742
131 9 7507 7512
131 27 7507 7520
131 12 7507 7555
131 57 7511 7626
131 60 7511 7626
131 69 7511 7626
131 73 7512 7516
131 81 7512 7522
131 86 7512 7527
131 7 7513 7520
131 9 7521 7526
131 83 7523 7564
131 28 7524 7537
131 72 7524 7564
131 84 7528 7564
131 8 7529 7534
131 25 7530 7535
131 9 7535 7555
131 22 7536 7555
131 24 7536 7626
131 30 7537 7568
131 33 7537 7569
131 39 7537 7569
131 27 7538 7555
131 45 7539 7568
131 16 7540 7581
137 8 7865 7881
137 13 7865 7881
137 26 7865 7882
137 16 7865 7883
137 29 7877 7889
137 34 7877 7889
137 40 7877 7889
137 46 7877 7890
137 12 7882 7923
137 9 7882 7924
137 15 7884 7928
137 27 7885 7906
137 19 7887 7906
137 22 7889 7906
137 25 7889 7919
137 30 7890 7917
137 33 7890 7917
137 39 7890 7917
137 45 7891 7917
147 57 8437 8460
147 60 8437 8460
147 69 8437 8460
147 15 8437 8462
147 23 8437 8470
147 12 8437 8471
147 46 8448 8479
147 32 8449 8477
147 38 8449 8478
147 56 8454 8469
147 20 8454 8476
147 17 8460 8490
147 66 8461 8468
147 59 8461 8495
147 62 8461 8495
147 71 8461 8495
147 63 8462 8495
147 14 8463 8495
147 9 8464 8480
147 31 8465 8478
147 86 8465 8514
147 73 8469 8473
147 81 8469 8495
147 68 8469 8628
147 55 8470 8890
147 24 8471 8495
147 11 8472 8495
147 27 8476 8521
147 78 8478 8495
147 74 8478 8498
147 33 8478 8507
147 30 8479 8506
147 39 8479 8507
147 22 8479 8510
147 45 8480 8506
147 10 8481 8506
147 18 8491 8556
150 26 8578 8589
150 101 8578 8589
150 20 8578 8590
150 12 8578 8594
150 17 8578 8596
150 14 8578 8599
150 59 8578 8603
150 62 8578 8603
150 63 8578 8603
150 71 8578 8603
150 47 8578 8628
150 25 8582 8595
150 87 8587 8628
150 46 8589 8611
150 27 8590 8595
150 32 8590 8610
150 38 8590 8610
150 31 8590 8611
150 99 8590 8628
150 21 8594 8628
150 11 8595 8605
150 24 8596 8612
150 26 8599 8606
150 19 8600 8607
150 8 8601 8608
150 15 8603 8654
150 57 8604 8628
150 60 8604 8628
150 65 8604 8628
150 69 8604 8628
150 28 8607 8628
150 18 8608 8628
150 13 8609 8616
150 7 8609 8628
150 33 8611 8684
150 39 8611 8684
150 45 8612 8639
150 30 8612 8684
150 25 8613 8628
150 12 8617 8625
150 13 8626 8646
151 22 8629 8636
151 89 8629 8641
151 67 8629 8643
151 24 8629 8656
151 8 8629 8672
151 17 8629 8672
151 48 8629 8672
151 52 8629 8672
151 54 8629 8672
151 59 8629 8672
151 62 8629 8672
151 63 8629 8672
151 71 8629 8672
151 96 8629 8672
151 101 8629 8672
151 26 8629 8744
151 21 8637 8807
151 46 8640 8645
151 88 8642 8646
151 68 8644 8890
151 45 8646 8683
151 89 8647 8662
151 12 8647 8654
151 13 8655 8672
151 16 8655 8672
151 25 8657 8672
151 90 8658 8858
151 88 8663 8667
155 25 8826 8838
155 16 8826 8842
155 8 8826 8843
155 27 8826 8849
155 18 8826 8850
155 21 8826 8912
155 47 8826 9034
155 31 8838 8854
155 32 8838 8854
155 38 8838 8854
155 46 8838 8856
155 23 8842 8847
155 15 8843 8856
155 9 8844 8854
155 24 8848 8861
155 96 8848 8876
155 101 8850 8877
155 26 8850 8905
155 17 8851 8877
155 89 8853 8877
155 8 8855 8877
155 30 8855 8887
155 39 8855 8903
155 33 8855 8904
155 16 8857 8877
155 45 8857 8887
155 13 8858 8877
155 92 8860 8876
155 25 8862 8877
155 72 8865 8870
155 83 8865 8870
155 84 8865 8870
155 83 8875 9132
155 86 8877 8881
158 21 8974 8991
158 96 8974 8998
158 12 8974 9007
158 93 8974 9012
158 101 8974 9012
158 15 8974 9023
158 57 8974 9034
158 60 8974 9034
158 69 8974 9034
158 65 8974 9150
158 89 8977 9012
158 92 8977 9012
158 31 8985 9011
158 46 8985 9012
158 32 8986 9011
158 38 8986 9011
158 9 8991 9004
158 20 8992 9034
158 98 8999 9150
158 23 9003 9008
158 27 9003 9010
158 17 9007 9079
158 11 9008 9012
158 8 9008 9034
158 26 9011 9034
158 30 9012 9090
158 33 9012 9090
158 39 9012 9090
158 24 9012 9124
158 13 9013 9047
158 99 9013 9053
158 87 9013 9058
158 45 9013 9090
158 90 9013 9150
158 95 9013 9150
158 14 9024 9034
159 28 9035 9039
159 15 9035 9046
159 22 9035 9046
159 66 9035 9046
159 9 9035 9079
159 48 9035 9079
159 59 9035 9079
159 62 9035 9079
159 71 9035 9079
159 27 9040 9093
159 21 9047 9062
159 14 9047 9079
159 12 9048 9103
159 68 9048 9121
159 101 9054 9061
159 87 9062 9122
159 22 9063 9080
159 99 9074 9122
2 50 42 52
2 18 42 93
2 72 42 93
2 75 42 93
2 87 42 110
2 99 42 110
2 12 42 132
2 22 42 132
2 15 42 655
2 84 46 93
2 49 53 82
2 48 83 103
4 48 133 143
4 17 133 149
4 68 133 151
4 13 133 171
4 21 133 171
4 49 144 160
4 92 147 156
4 19 150 171
4 67 152 157
4 66 158 163
4 50 161 181
4 67 164 170
4 92 166 218
5 98 172 176
5 93 172 195
5 73 172 199
5 18 172 201
5 57 172 216
5 60 172 216
5 69 172 216
5 86 172 216
5 89 172 216
5 68 172 226
5 22 172 322
5 12 172 339
5 98 182 193
5 49 182 205
5 81 186 211
5 96 196 200
5 95 196 277
5 74 200 216
5 77 200 216
5 17 202 216
5 48 206 216
5 83 212 242
9 13 340 431
9 21 340 431
9 57 340 573
9 60 340 573
9 68 340 573
9 69 340 573
9 53 340 617
9 65 340 617
9 98 343 379
9 83 347 351
9 49 350 368
9 81 352 359
9 19 354 431
9 93 356 379
9 73 358 365
9 75 358 490
9 81 368 375
9 50 369 390
9 74 371 378
9 83 376 482
11 98 432 475
11 99 432 475
11 12 432 480
11 18 432 480
11 22 432 480
11 87 432 480
11 90 432 480
11 49 442 469
11 50 470 491
11 96 476 488
11 101 476 607
12 93 481 507
12 19 481 510
12 52 481 525
12 89 481 525
12 92 481 595
12 21 481 639
12 13 481 697
12 73 482 490
12 86 482 525
12 81 483 494
12 98 489 525
12 76 491 497
12 74 491 525
12 49 492 514
12 81 497 501
12 75 498 505
12 81 506 516
12 77 508 525
12 95 508 644
12 17 511 521
12 48 515 536
12 83 517 874
12 19 522 598
37 25 1926 1938
37 13 1926 1940
37 20 1926 1941
37 62 1926 1950
37 59 1926 1951
37 66 1926 1951
37 71 1926 1951
37 15 1926 1967
37 47 1926 1985
37 86 1928 1987
37 73 1933 1940
37 46 1938 1975
37 31 1939 1967
37 34 1939 1968
37 37 1939 1968
37 24 1939 2097
37 12 1941 1965
37 21 1942 1950
37 74 1943 1985
37 81 1947 1985
37 77 1949 1985
37 20 1951 1991
37 57 1952 1966
37 69 1952 1966
37 60 1952 1985
37 68 1952 2113
37 11 1966 1970
37 56 1966 1972
37 59 1967 1974
37 71 1967 1974
37 30 1968 1997
37 14 1968 2067
37 96 1969 1985
37 33 1969 1997
37 36 1969 1997
37 93 1970 1978
37 13 1971 1979
37 55 1973 2027
37 57 1975 1981
37 69 1975 1981
37 45 1976 1997
37 95 1979 2393
37 59 1982 2048
37 71 1982 2048
43 16 2293 2307
43 17 2293 2318
43 21 2293 2318
43 12 2293 2332
43 48 2293 2358
43 31 2305 2346
43 37 2305 2346
43 46 2305 2347
43 34 2306 2346
43 15 2308 2326
43 19 2319 2358
43 22 2319 2372
43 16 2327 2334
43 63 2330 2358
43 13 2333 2358
43 14 2335 2340
43 16 2341 2358
43 30 2347 2371
43 33 2347 2371
43 36 2347 2371
43 45 2348 2369
70 28 3906 3955
70 57 3906 3955
70 60 3906 3955
70 68 3906 3955
70 69 3906 3955
70 89 3906 3955
70 92 3906 3955
70 101 3906 3955
70 12 3906 3985
70 47 3906 4080
70 46 3918 3941
70 29 3919 3939
70 32 3919 3940
70 35 3919 3940
70 30 3940 3968
70 33 3941 3968
70 36 3941 3968
70 45 3942 3968
71 21 3956 3972
71 15 3956 3982
71 67 3956 3986
71 17 3956 4020
71 59 3956 4020
71 62 3956 4020
71 71 3956 4020
71 26 3956 4054
71 87 3956 4079
71 99 3956 4079
71 90 3956 4080
71 31 3969 4008
71 34 3969 4008
71 37 3969 4008
71 46 3969 4010
71 22 3973 4033
71 14 3983 4020
71 13 3986 4031
71 68 3987 4432
71 30 4009 4032
71 33 4009 4032
71 36 4009 4032
71 45 4011 4031
78 51 4403 4420
78 53 4403 4423
78 99 4403 4432
78 87 4403 4436
78 98 4403 4436
78 12 4403 4452
78 72 4403 4452
78 84 4403 4452
78 90 4403 4452
78 75 4403 4454
78 62 4403 4471
78 21 4404 4422
78 46 4415 4440
78 31 4416 4434
78 34 4416 4436
78 37 4416 4436
78 52 4421 4452
78 20 4423 4452
78 54 4424 4452
78 16 4430 4434
78 101 4433 4481
78 66 4434 4452
78 14 4435 4452
78 30 4435 4464
78 33 4437 4464
78 36 4437 4464
78 96 4437 4481
78 45 4441 4463
78 88 4448 4452
88 25 5010 5022
88 19 5010 5037
88 15 5010 5068
88 21 5010 5068
88 57 5010 5068
88 60 5010 5068
88 69 5010 5068
88 65 5010 5159
88 48 5010 5182
88 29 5022 5038
88 35 5022 5038
88 46 5022 5038
88 32 5023 5038
88 24 5023 5309
88 18 5038 5048
88 45 5039 5080
88 30 5039 5081
88 33 5039 5081
88 36 5039 5081
88 19 5049 5068
88 42 5049 5068
88 13 5055 5068
88 72 5060 5092
88 84 5060 5092
115 25 6609 6620
115 21 6609 6626
115 66 6609 6635
115 55 6609 6649
115 17 6609 6667
115 89 6609 6667
115 92 6609 6667
115 101 6609 6667
115 77 6610 6616
115 81 6610 6649
115 74 6610 6667
115 86 6610 6667
115 77 6619 6667
115 46 6620 6657
115 24 6621 6626
115 31 6621 6651
115 34 6621 6651
115 37 6621 6651
115 25 6627 6634
115 22 6627 6632
115 20 6633 6667
115 69 6636 6647
115 57 6636 6650
115 60 6636 6716
115 68 6636 7028
115 24 6638 6716
115 14 6645 6667
115 71 6648 6653
115 13 6648 6667
115 56 6650 6656
115 83 6650 6661
115 30 6652 6680
115 33 6652 6680
115 36 6652 6680
115 96 6654 6658
115 71 6656 6661
115 59 6656 6661
115 55 6657 7287
115 45 6658 6679
115 69 6662 6716
115 57 6662 6716
115 83 6664 7252
119 13 6827 6839
119 16 6827 6839
119 18 6827 6872
119 23 6827 6872
119 96 6827 6872
119 48 6827 6911
119 21 6839 6855
119 90 6840 6844
119 12 6840 6856
119 15 6840 6856
119 90 6846 6850
119 22 6856 6924
119 13 6857 6872
119 16 6857 6872
119 92 6859 6872
16 58 656 663
16 91 656 697
16 96 656 697
16 20 656 717
16 14 656 735
16 95 656 857
16 65 656 858
16 51 656 1102
16 50 657 666
16 58 666 694
16 49 667 686
16 61 672 676
16 60 680 810
16 48 687 697
16 57 695 810
16 69 695 810
16 68 697 810
33 51 1689 1708
33 53 1689 1710
33 92 1689 1717
33 89 1689 1730
33 72 1689 1743
33 84 1689 1743
33 101 1689 1775
33 62 1689 1855
33 46 1700 1730
33 31 1701 1727
33 34 1701 1727
33 37 1701 1727
33 14 1703 1801
33 52 1709 1743
33 93 1710 1717
33 54 1711 1743
33 67 1717 1722
33 90 1718 1743
33 95 1718 1969
33 20 1719 1743
33 56 1723 1743
33 63 1723 1743
33 66 1723 1743
33 30 1728 1756
33 33 1728 1756
33 36 1728 1756
33 45 1731 1754
33 89 1735 1769
3 73 94 108
3 77 94 108
3 81 94 108
3 86 94 108
3 17 94 111
3 59 94 171
3 62 94 171
3 71 94 171
3 52 94 379
3 49 104 121
3 96 107 171
3 67 109 118
3 72 109 171
3 84 109 171
3 83 109 185
3 75 109 199
3 88 111 171
3 101 111 243
3 18 112 132
3 66 119 132
3 91 121 126
3 50 122 132
3 90 131 146
6 50 217 226
6 18 217 240
6 72 217 241
6 84 217 241
6 88 217 243
6 96 217 243
6 75 217 247
6 59 217 260
6 62 217 260
6 71 217 260
6 90 219 260
6 49 227 249
6 66 230 234
6 68 239 301
6 73 242 260
6 86 242 387
6 81 243 276
6 87 244 259
6 98 244 259
6 99 244 259
6 17 244 276
6 77 249 274
6 48 250 271
6 101 260 431
7 74 261 275
7 57 261 301
7 60 261 301
7 69 261 301
7 97 261 301
7 89 261 379
7 92 261 431
7 49 272 290
7 83 277 290
7 18 277 322
7 93 278 301
7 75 278 328
7 73 290 300
7 81 291 299
7 50 291 312
7 83 300 304
8 98 302 331
8 54 302 339
8 59 302 339
8 62 302 339
8 66 302 339
8 71 302 339
8 95 302 355
8 73 304 311
8 63 305 339
8 83 307 343
8 49 313 328
8 73 315 324
8 20 323 339
8 17 323 353
8 74 325 357
8 48 329 349
8 77 329 355
8 96 332 339
14 66 574 595
14 52 574 655
14 59 574 655
14 62 574 655
14 71 574 694
14 49 585 606
14 68 596 617
14 92 598 602
14 17 599 617
14 91 603 607
14 48 607 617
14 87 608 613
14 99 608 613
14 90 608 617
14 98 608 655
14 73 611 636
14 86 611 700
14 101 614 697
15 50 618 627
15 63 618 630
15 19 618 633
15 54 618 634
15 92 618 655
15 66 618 696
15 89 618 697
15 49 628 644
15 53 635 1110
15 65 637 645
15 74 637 696
15 17 637 735
15 22 640 644
15 77 643 697
15 48 645 655
15 93 645 655
15 63 646 655
15 21 648 655
10 72 380 384
10 88 380 431
10 96 380 431
10 51 380 480
10 95 380 480
10 49 391 420
10 73 392 403
10 78 392 403
10 86 392 403
10 72 404 481
10 84 404 481
10 80 404 3832
10 48 421 441
13 51 526 573
13 88 526 607
13 96 526 607
13 72 526 610
13 84 526 610
13 75 526 642
13 49 537 562
13 50 563 584
